2.6875865192264724e-05 0.07952496306574197 0.00010958934881383168 0.05370118771267534 0.049535669287264085 0.05213941915238335 0.035997453612056106 0.027727629552701364 
0.07952496306574197 0.00010958934881383168 0.05370118771267534 0.049535669287264085 0.05213941915238335 0.035997453612056106 0.027727629552701364 0.03504147507584409 
0.00010958934881383168 0.05370118771267534 0.049535669287264085 0.05213941915238335 0.035997453612056106 0.027727629552701364 0.03504147507584409 0.026142354638674047 
0.05370118771267534 0.049535669287264085 0.05213941915238335 0.035997453612056106 0.027727629552701364 0.03504147507584409 0.026142354638674047 0.03481010195580084 
0.049535669287264085 0.05213941915238335 0.035997453612056106 0.027727629552701364 0.03504147507584409 0.026142354638674047 0.03481010195580084 0.03990696939320313 
0.05213941915238335 0.035997453612056106 0.027727629552701364 0.03504147507584409 0.026142354638674047 0.03481010195580084 0.03990696939320313 0.04613880060635161 
0.035997453612056106 0.027727629552701364 0.03504147507584409 0.026142354638674047 0.03481010195580084 0.03990696939320313 0.04613880060635161 0.03219528083875163 
0.027727629552701364 0.03504147507584409 0.026142354638674047 0.03481010195580084 0.03990696939320313 0.04613880060635161 0.03219528083875163 0.048365405867683293 
0.03504147507584409 0.026142354638674047 0.03481010195580084 0.03990696939320313 0.04613880060635161 0.03219528083875163 0.048365405867683293 0.07108786683048911 
0.026142354638674047 0.03481010195580084 0.03990696939320313 0.04613880060635161 0.03219528083875163 0.048365405867683293 0.07108786683048911 0.04388098725081159 
0.03481010195580084 0.03990696939320313 0.04613880060635161 0.03219528083875163 0.048365405867683293 0.07108786683048911 0.04388098725081159 0.04083839863165745 
0.03990696939320313 0.04613880060635161 0.03219528083875163 0.048365405867683293 0.07108786683048911 0.04388098725081159 0.04083839863165745 0.04070955493166109 
0.04613880060635161 0.03219528083875163 0.048365405867683293 0.07108786683048911 0.04388098725081159 0.04083839863165745 0.04070955493166109 0.011215659563816743 
0.03219528083875163 0.048365405867683293 0.07108786683048911 0.04388098725081159 0.04083839863165745 0.04070955493166109 0.011215659563816743 0.029213744558138716 
0.048365405867683293 0.07108786683048911 0.04388098725081159 0.04083839863165745 0.04070955493166109 0.011215659563816743 0.029213744558138716 0.0405578466896355 
0.07108786683048911 0.04388098725081159 0.04083839863165745 0.04070955493166109 0.011215659563816743 0.029213744558138716 0.0405578466896355 0.04051019217045877 
0.04388098725081159 0.04083839863165745 0.04070955493166109 0.011215659563816743 0.029213744558138716 0.0405578466896355 0.04051019217045877 0.04313006755469339 
0.04083839863165745 0.04070955493166109 0.011215659563816743 0.029213744558138716 0.0405578466896355 0.04051019217045877 0.04313006755469339 0.013792453337280476 
0.04070955493166109 0.011215659563816743 0.029213744558138716 0.0405578466896355 0.04051019217045877 0.04313006755469339 0.013792453337280476 0.027463203129794785 
0.011215659563816743 0.029213744558138716 0.0405578466896355 0.04051019217045877 0.04313006755469339 0.013792453337280476 0.027463203129794785 0.037172530619432535 
0.029213744558138716 0.0405578466896355 0.04051019217045877 0.04313006755469339 0.013792453337280476 0.027463203129794785 0.037172530619432535 0.04504122236248482 
0.0405578466896355 0.04051019217045877 0.04313006755469339 0.013792453337280476 0.027463203129794785 0.037172530619432535 0.04504122236248482 0.04714941336404402 
0.04051019217045877 0.04313006755469339 0.013792453337280476 0.027463203129794785 0.037172530619432535 0.04504122236248482 0.04714941336404402 0.028478148116503264 
0.04313006755469339 0.013792453337280476 0.027463203129794785 0.037172530619432535 0.04504122236248482 0.04714941336404402 0.028478148116503264 0.018057452577134734 
0.013792453337280476 0.027463203129794785 0.037172530619432535 0.04504122236248482 0.04714941336404402 0.028478148116503264 0.018057452577134734 0.06988053878488197 
0.027463203129794785 0.037172530619432535 0.04504122236248482 0.04714941336404402 0.028478148116503264 0.018057452577134734 0.06988053878488197 0.026169872315572395 
0.00013405842010828165 0.02935518381286696 0.0002592117027946487 0.018448877491382673 0.024136933736551538 0.03981406714874748 0.014287851747914011 0.02151392952024976 
0.02935518381286696 0.0002592117027946487 0.018448877491382673 0.024136933736551538 0.03981406714874748 0.014287851747914011 0.02151392952024976 0.029590086897293682 
0.0002592117027946487 0.018448877491382673 0.024136933736551538 0.03981406714874748 0.014287851747914011 0.02151392952024976 0.029590086897293682 0.03681303583756227 
0.018448877491382673 0.024136933736551538 0.03981406714874748 0.014287851747914011 0.02151392952024976 0.029590086897293682 0.03681303583756227 0.029866306610299556 
0.024136933736551538 0.03981406714874748 0.014287851747914011 0.02151392952024976 0.029590086897293682 0.03681303583756227 0.029866306610299556 0.019496635101564696 
0.03981406714874748 0.014287851747914011 0.02151392952024976 0.029590086897293682 0.03681303583756227 0.029866306610299556 0.019496635101564696 0.019983048148313056 
0.014287851747914011 0.02151392952024976 0.029590086897293682 0.03681303583756227 0.029866306610299556 0.019496635101564696 0.019983048148313056 0.019841849572974593 
0.02151392952024976 0.029590086897293682 0.03681303583756227 0.029866306610299556 0.019496635101564696 0.019983048148313056 0.019841849572974593 0.011766574687026538 
0.029590086897293682 0.03681303583756227 0.029866306610299556 0.019496635101564696 0.019983048148313056 0.019841849572974593 0.011766574687026538 0.00783972998981525 
0.03681303583756227 0.029866306610299556 0.019496635101564696 0.019983048148313056 0.019841849572974593 0.011766574687026538 0.00783972998981525 0.024425347871973008 
0.029866306610299556 0.019496635101564696 0.019983048148313056 0.019841849572974593 0.011766574687026538 0.00783972998981525 0.024425347871973008 0.013888484413803283 
0.019496635101564696 0.019983048148313056 0.019841849572974593 0.011766574687026538 0.00783972998981525 0.024425347871973008 0.013888484413803283 0.0386102690675238 
0.019983048148313056 0.019841849572974593 0.011766574687026538 0.00783972998981525 0.024425347871973008 0.013888484413803283 0.0386102690675238 0.04184788821886421 
0.019841849572974593 0.011766574687026538 0.00783972998981525 0.024425347871973008 0.013888484413803283 0.0386102690675238 0.04184788821886421 0.015271508413950901 
0.011766574687026538 0.00783972998981525 0.024425347871973008 0.013888484413803283 0.0386102690675238 0.04184788821886421 0.015271508413950901 0.05163319016920965 
0.00783972998981525 0.024425347871973008 0.013888484413803283 0.0386102690675238 0.04184788821886421 0.015271508413950901 0.05163319016920965 0.04291931263570808 
0.024425347871973008 0.013888484413803283 0.0386102690675238 0.04184788821886421 0.015271508413950901 0.05163319016920965 0.04291931263570808 0.039418229779020215 
0.013888484413803283 0.0386102690675238 0.04184788821886421 0.015271508413950901 0.05163319016920965 0.04291931263570808 0.039418229779020215 0.030092063877914577 
0.0386102690675238 0.04184788821886421 0.015271508413950901 0.05163319016920965 0.04291931263570808 0.039418229779020215 0.030092063877914577 0.02558165188694647 
0.04184788821886421 0.015271508413950901 0.05163319016920965 0.04291931263570808 0.039418229779020215 0.030092063877914577 0.02558165188694647 0.02930415978223329 
0.015271508413950901 0.05163319016920965 0.04291931263570808 0.039418229779020215 0.030092063877914577 0.02558165188694647 0.02930415978223329 0.0773730486417058 
0.05163319016920965 0.04291931263570808 0.039418229779020215 0.030092063877914577 0.02558165188694647 0.02930415978223329 0.0773730486417058 0.05528172926537029 
0.04291931263570808 0.039418229779020215 0.030092063877914577 0.02558165188694647 0.02930415978223329 0.0773730486417058 0.05528172926537029 0.12336896591699047 
0.039418229779020215 0.030092063877914577 0.02558165188694647 0.02930415978223329 0.0773730486417058 0.05528172926537029 0.12336896591699047 0.05845412430207991 
0.030092063877914577 0.02558165188694647 0.02930415978223329 0.0773730486417058 0.05528172926537029 0.12336896591699047 0.05845412430207991 0.07176176912187723 
0.02558165188694647 0.02930415978223329 0.0773730486417058 0.05528172926537029 0.12336896591699047 0.05845412430207991 0.07176176912187723 0.061131120928156 
0.02930415978223329 0.0773730486417058 0.05528172926537029 0.12336896591699047 0.05845412430207991 0.07176176912187723 0.061131120928156 0.064904813307003 
0.0773730486417058 0.05528172926537029 0.12336896591699047 0.05845412430207991 0.07176176912187723 0.061131120928156 0.064904813307003 0.06479530418465244 
0.0 0.04107859666265935 2.759790336160915e-05 0.05571896349013997 9.426609433107777e-05 0.09779597848807614 0.047543164845726515 0.08765406990853782 
0.04107859666265935 2.759790336160915e-05 0.05571896349013997 9.426609433107777e-05 0.09779597848807614 0.047543164845726515 0.08765406990853782 0.04308201190320035 
2.759790336160915e-05 0.05571896349013997 9.426609433107777e-05 0.09779597848807614 0.047543164845726515 0.08765406990853782 0.04308201190320035 0.015130309838612434 
0.05571896349013997 9.426609433107777e-05 0.09779597848807614 0.047543164845726515 0.08765406990853782 0.04308201190320035 0.015130309838612434 0.0197845678782066 
9.426609433107777e-05 0.09779597848807614 0.047543164845726515 0.08765406990853782 0.04308201190320035 0.015130309838612434 0.0197845678782066 0.05023933559652186 
0.09779597848807614 0.047543164845726515 0.08765406990853782 0.04308201190320035 0.015130309838612434 0.0197845678782066 0.05023933559652186 0.06301973209977124 
0.047543164845726515 0.08765406990853782 0.04308201190320035 0.015130309838612434 0.0197845678782066 0.05023933559652186 0.06301973209977124 0.1132777604622328 
0.08765406990853782 0.04308201190320035 0.015130309838612434 0.0197845678782066 0.05023933559652186 0.06301973209977124 0.1132777604622328 0.07307162658753129 
0.04308201190320035 0.015130309838612434 0.0197845678782066 0.05023933559652186 0.06301973209977124 0.1132777604622328 0.07307162658753129 0.07551981734038844 
0.015130309838612434 0.0197845678782066 0.05023933559652186 0.06301973209977124 0.1132777604622328 0.07307162658753129 0.07551981734038844 0.11088540732780493 
0.0197845678782066 0.05023933559652186 0.06301973209977124 0.1132777604622328 0.07307162658753129 0.07551981734038844 0.11088540732780493 0.0549247215038611 
0.05023933559652186 0.06301973209977124 0.1132777604622328 0.07307162658753129 0.07551981734038844 0.11088540732780493 0.0549247215038611 0.03834327539779289 
0.06301973209977124 0.1132777604622328 0.07307162658753129 0.07551981734038844 0.11088540732780493 0.0549247215038611 0.03834327539779289 0.04088172092181811 
0.1132777604622328 0.07307162658753129 0.07551981734038844 0.11088540732780493 0.0549247215038611 0.03834327539779289 0.04088172092181811 0.04336609380960576 
0.07307162658753129 0.07551981734038844 0.11088540732780493 0.0549247215038611 0.03834327539779289 0.04088172092181811 0.04336609380960576 0.0532344301494258 
0.07551981734038844 0.11088540732780493 0.0549247215038611 0.03834327539779289 0.04088172092181811 0.04336609380960576 0.0532344301494258 0.018274625613180887 
0.11088540732780493 0.0549247215038611 0.03834327539779289 0.04088172092181811 0.04336609380960576 0.0532344301494258 0.018274625613180887 0.02131585038245961 
0.0549247215038611 0.03834327539779289 0.04088172092181811 0.04336609380960576 0.0532344301494258 0.018274625613180887 0.02131585038245961 0.08895357816043126 
0.03834327539779289 0.04088172092181811 0.04336609380960576 0.0532344301494258 0.018274625613180887 0.02131585038245961 0.08895357816043126 0.06398405418816235 
0.04088172092181811 0.04336609380960576 0.0532344301494258 0.018274625613180887 0.02131585038245961 0.08895357816043126 0.06398405418816235 0.056071157663853524 
0.04336609380960576 0.0532344301494258 0.018274625613180887 0.02131585038245961 0.08895357816043126 0.06398405418816235 0.056071157663853524 0.04133483998631336 
0.0532344301494258 0.018274625613180887 0.02131585038245961 0.08895357816043126 0.06398405418816235 0.056071157663853524 0.04133483998631336 0.02950705250781907 
0.018274625613180887 0.02131585038245961 0.08895357816043126 0.06398405418816235 0.056071157663853524 0.04133483998631336 0.02950705250781907 0.09609878765780044 
0.02131585038245961 0.08895357816043126 0.06398405418816235 0.056071157663853524 0.04133483998631336 0.02950705250781907 0.09609878765780044 0.07766788089418811 
0.08895357816043126 0.06398405418816235 0.056071157663853524 0.04133483998631336 0.02950705250781907 0.09609878765780044 0.07766788089418811 0.06425521963398281 
0.06398405418816235 0.056071157663853524 0.04133483998631336 0.02950705250781907 0.09609878765780044 0.07766788089418811 0.06425521963398281 0.04778881827623014 
0.056071157663853524 0.04133483998631336 0.02950705250781907 0.09609878765780044 0.07766788089418811 0.06425521963398281 0.04778881827623014 0.04735094223975438 
0.04133483998631336 0.02950705250781907 0.09609878765780044 0.07766788089418811 0.06425521963398281 0.04778881827623014 0.04735094223975438 0.05016624928849155 
0.02950705250781907 0.09609878765780044 0.07766788089418811 0.06425521963398281 0.04778881827623014 0.04735094223975438 0.05016624928849155 0.040280182900290944 
0.0005496314997976288 0.025618154927729994 0.00016871625223681408 0.02225313615273193 0.018637570132971352 0.033594671037404385 0.008801244151992243 0.007698290735087003 
0.025618154927729994 0.00016871625223681408 0.02225313615273193 0.018637570132971352 0.033594671037404385 0.008801244151992243 0.007698290735087003 0.002498412518858233 
0.00016871625223681408 0.02225313615273193 0.018637570132971352 0.033594671037404385 0.008801244151992243 0.007698290735087003 0.002498412518858233 0.003295382204887958 
0.02225313615273193 0.018637570132971352 0.033594671037404385 0.008801244151992243 0.007698290735087003 0.002498412518858233 0.003295382204887958 0.006293124231079491 
0.018637570132971352 0.033594671037404385 0.008801244151992243 0.007698290735087003 0.002498412518858233 0.003295382204887958 0.006293124231079491 0.008614878077838123 
0.033594671037404385 0.008801244151992243 0.007698290735087003 0.002498412518858233 0.003295382204887958 0.006293124231079491 0.008614878077838123 0.011614224633294864 
0.008801244151992243 0.007698290735087003 0.002498412518858233 0.003295382204887958 0.006293124231079491 0.008614878077838123 0.011614224633294864 0.035275575895638206 
0.007698290735087003 0.002498412518858233 0.003295382204887958 0.006293124231079491 0.008614878077838123 0.011614224633294864 0.035275575895638206 0.032200656011790084 
0.002498412518858233 0.003295382204887958 0.006293124231079491 0.008614878077838123 0.011614224633294864 0.035275575895638206 0.032200656011790084 0.029359275362493244 
0.003295382204887958 0.006293124231079491 0.008614878077838123 0.011614224633294864 0.035275575895638206 0.032200656011790084 0.029359275362493244 0.039714827013694255 
0.006293124231079491 0.008614878077838123 0.011614224633294864 0.035275575895638206 0.032200656011790084 0.029359275362493244 0.039714827013694255 0.08465721037344215 
0.008614878077838123 0.011614224633294864 0.035275575895638206 0.032200656011790084 0.029359275362493244 0.039714827013694255 0.08465721037344215 0.059121768929333726 
0.011614224633294864 0.035275575895638206 0.032200656011790084 0.029359275362493244 0.039714827013694255 0.08465721037344215 0.059121768929333726 0.0686661508105079 
0.035275575895638206 0.032200656011790084 0.029359275362493244 0.039714827013694255 0.08465721037344215 0.059121768929333726 0.0686661508105079 0.07638329476446111 
0.032200656011790084 0.029359275362493244 0.039714827013694255 0.08465721037344215 0.059121768929333726 0.0686661508105079 0.07638329476446111 0.1190361753156811 
0.029359275362493244 0.039714827013694255 0.08465721037344215 0.059121768929333726 0.0686661508105079 0.07638329476446111 0.1190361753156811 0.08413020273628398 
0.039714827013694255 0.08465721037344215 0.059121768929333726 0.0686661508105079 0.07638329476446111 0.1190361753156811 0.08413020273628398 0.07413639220792452 
0.08465721037344215 0.059121768929333726 0.0686661508105079 0.07638329476446111 0.1190361753156811 0.08413020273628398 0.07413639220792452 0.04230517905944901 
0.059121768929333726 0.0686661508105079 0.07638329476446111 0.1190361753156811 0.08413020273628398 0.07413639220792452 0.04230517905944901 0.09203242914097916 
0.0686661508105079 0.07638329476446111 0.1190361753156811 0.08413020273628398 0.07413639220792452 0.04230517905944901 0.09203242914097916 0.07137058488701908 
0.07638329476446111 0.1190361753156811 0.08413020273628398 0.07413639220792452 0.04230517905944901 0.09203242914097916 0.07137058488701908 0.061826042552918375 
0.1190361753156811 0.08413020273628398 0.07413639220792452 0.04230517905944901 0.09203242914097916 0.07137058488701908 0.061826042552918375 0.05980642156679876 
0.08413020273628398 0.07413639220792452 0.04230517905944901 0.09203242914097916 0.07137058488701908 0.061826042552918375 0.05980642156679876 0.08313571549770692 
0.07413639220792452 0.04230517905944901 0.09203242914097916 0.07137058488701908 0.061826042552918375 0.05980642156679876 0.08313571549770692 0.06672763877874464 
0.04230517905944901 0.09203242914097916 0.07137058488701908 0.061826042552918375 0.05980642156679876 0.08313571549770692 0.06672763877874464 0.040095260902475505 
0.09203242914097916 0.07137058488701908 0.061826042552918375 0.05980642156679876 0.08313571549770692 0.06672763877874464 0.040095260902475505 0.02682748863491865 
0.07137058488701908 0.061826042552918375 0.05980642156679876 0.08313571549770692 0.06672763877874464 0.040095260902475505 0.02682748863491865 0.051911736449650074 
0.061826042552918375 0.05980642156679876 0.08313571549770692 0.06672763877874464 0.040095260902475505 0.02682748863491865 0.051911736449650074 0.01569719002801107 
0.05980642156679876 0.08313571549770692 0.06672763877874464 0.040095260902475505 0.02682748863491865 0.051911736449650074 0.01569719002801107 0.023871143463769527 
0.08313571549770692 0.06672763877874464 0.040095260902475505 0.02682748863491865 0.051911736449650074 0.01569719002801107 0.023871143463769527 0.02262667056567278 
0.06672763877874464 0.040095260902475505 0.02682748863491865 0.051911736449650074 0.01569719002801107 0.023871143463769527 0.02262667056567278 0.03612324870644856 
0.040095260902475505 0.02682748863491865 0.051911736449650074 0.01569719002801107 0.023871143463769527 0.02262667056567278 0.03612324870644856 0.03333666273155865 
0.02682748863491865 0.051911736449650074 0.01569719002801107 0.023871143463769527 0.02262667056567278 0.03612324870644856 0.03333666273155865 0.0393213964378648 
0.051911736449650074 0.01569719002801107 0.023871143463769527 0.02262667056567278 0.03612324870644856 0.03333666273155865 0.0393213964378648 0.03645987894628959 
0.01569719002801107 0.023871143463769527 0.02262667056567278 0.03612324870644856 0.03333666273155865 0.0393213964378648 0.03645987894628959 0.06354738154863548 
0.023871143463769527 0.02262667056567278 0.03612324870644856 0.03333666273155865 0.0393213964378648 0.03645987894628959 0.06354738154863548 0.04972532464641189 
0.02262667056567278 0.03612324870644856 0.03333666273155865 0.0393213964378648 0.03645987894628959 0.06354738154863548 0.04972532464641189 0.05782386520670549 
0.03612324870644856 0.03333666273155865 0.0393213964378648 0.03645987894628959 0.06354738154863548 0.04972532464641189 0.05782386520670549 0.05753456858018815 
0.03333666273155865 0.0393213964378648 0.03645987894628959 0.06354738154863548 0.04972532464641189 0.05782386520670549 0.05753456858018815 0.08700094627113417 
9.105703580065808e-05 0.08663102204904002 0.00044878683547919067 0.05877727649609317 0.021058082756003644 0.014263864035399126 0.017820463604663245 0.03036154456800657 
0.08663102204904002 0.00044878683547919067 0.05877727649609317 0.021058082756003644 0.014263864035399126 0.017820463604663245 0.03036154456800657 0.0004027368455676684 
0.00044878683547919067 0.05877727649609317 0.021058082756003644 0.014263864035399126 0.017820463604663245 0.03036154456800657 0.0004027368455676684 0.06943367738452103 
0.05877727649609317 0.021058082756003644 0.014263864035399126 0.017820463604663245 0.03036154456800657 0.0004027368455676684 0.06943367738452103 0.04032165998179661 
0.021058082756003644 0.014263864035399126 0.017820463604663245 0.03036154456800657 0.0004027368455676684 0.06943367738452103 0.04032165998179661 0.060736888087693945 
0.014263864035399126 0.017820463604663245 0.03036154456800657 0.0004027368455676684 0.06943367738452103 0.04032165998179661 0.060736888087693945 8.568186276220515e-05 
0.017820463604663245 0.03036154456800657 0.0004027368455676684 0.06943367738452103 0.04032165998179661 0.060736888087693945 8.568186276220515e-05 0.03697172378189152 
0.03036154456800657 0.0004027368455676684 0.06943367738452103 0.04032165998179661 0.060736888087693945 8.568186276220515e-05 0.03697172378189152 0.014492028096911963 
0.0004027368455676684 0.06943367738452103 0.04032165998179661 0.060736888087693945 8.568186276220515e-05 0.03697172378189152 0.014492028096911963 0.06533538873532208 
0.06943367738452103 0.04032165998179661 0.060736888087693945 8.568186276220515e-05 0.03697172378189152 0.014492028096911963 0.06533538873532208 0.00023995735161213072 
0.04032165998179661 0.060736888087693945 8.568186276220515e-05 0.03697172378189152 0.014492028096911963 0.06533538873532208 0.00023995735161213072 0.05874823451639287 
0.060736888087693945 8.568186276220515e-05 0.03697172378189152 0.014492028096911963 0.06533538873532208 0.00023995735161213072 0.05874823451639287 0.03507926174003979 
8.568186276220515e-05 0.03697172378189152 0.014492028096911963 0.06533538873532208 0.00023995735161213072 0.05874823451639287 0.03507926174003979 0.03228689945979511 
0.03697172378189152 0.014492028096911963 0.06533538873532208 0.00023995735161213072 0.05874823451639287 0.03507926174003979 0.03228689945979511 0.0316499013415068 
0.014492028096911963 0.06533538873532208 0.00023995735161213072 0.05874823451639287 0.03507926174003979 0.03228689945979511 0.0316499013415068 0.06787158791837598 
0.06533538873532208 0.00023995735161213072 0.05874823451639287 0.03507926174003979 0.03228689945979511 0.0316499013415068 0.06787158791837598 0.045099787680664985 
0.00023995735161213072 0.05874823451639287 0.03507926174003979 0.03228689945979511 0.0316499013415068 0.06787158791837598 0.045099787680664985 0.10570775184189932 
0.05874823451639287 0.03507926174003979 0.03228689945979511 0.0316499013415068 0.06787158791837598 0.045099787680664985 0.10570775184189932 6.554502048382173e-05 
0.03507926174003979 0.03228689945979511 0.0316499013415068 0.06787158791837598 0.045099787680664985 0.10570775184189932 6.554502048382173e-05 0.08654485882749827 
0.03228689945979511 0.0316499013415068 0.06787158791837598 0.045099787680664985 0.10570775184189932 6.554502048382173e-05 0.08654485882749827 0.028808841598063014 
0.0316499013415068 0.06787158791837598 0.045099787680664985 0.10570775184189932 6.554502048382173e-05 0.08654485882749827 0.028808841598063014 0.0440306096047924 
0.06787158791837598 0.045099787680664985 0.10570775184189932 6.554502048382173e-05 0.08654485882749827 0.028808841598063014 0.0440306096047924 0.03209066553065995 
0.045099787680664985 0.10570775184189932 6.554502048382173e-05 0.08654485882749827 0.028808841598063014 0.0440306096047924 0.03209066553065995 0.03637058689268066 
0.10570775184189932 6.554502048382173e-05 0.08654485882749827 0.028808841598063014 0.0440306096047924 0.03209066553065995 0.03637058689268066 0.0569652815968917 
6.554502048382173e-05 0.08654485882749827 0.028808841598063014 0.0440306096047924 0.03209066553065995 0.03637058689268066 0.0569652815968917 0.042897731717091006 
0.08654485882749827 0.028808841598063014 0.0440306096047924 0.03209066553065995 0.03637058689268066 0.0569652815968917 0.042897731717091006 0.05030054838798962 
0.028808841598063014 0.0440306096047924 0.03209066553065995 0.03637058689268066 0.0569652815968917 0.042897731717091006 0.05030054838798962 0.05031715526588454 
0.0440306096047924 0.03209066553065995 0.03637058689268066 0.0569652815968917 0.042897731717091006 0.05030054838798962 0.05031715526588454 0.039831957650054574 
0.03209066553065995 0.03637058689268066 0.0569652815968917 0.042897731717091006 0.05030054838798962 0.05031715526588454 0.039831957650054574 0.0315282780232039 
4.516749881565684e-05 0.06115029505287526 0.00011833403330922529 0.041629752465258935 0.04520584706509535 0.0898526761341916 0.06282085069734847 0.04019771009605916 
0.06115029505287526 0.00011833403330922529 0.041629752465258935 0.04520584706509535 0.0898526761341916 0.06282085069734847 0.04019771009605916 0.04451068476094319 
0.00011833403330922529 0.041629752465258935 0.04520584706509535 0.0898526761341916 0.06282085069734847 0.04019771009605916 0.04451068476094319 0.09888585499146993 
0.041629752465258935 0.04520584706509535 0.0898526761341916 0.06282085069734847 0.04019771009605916 0.04451068476094319 0.09888585499146993 0.05718975524109456 
0.04520584706509535 0.0898526761341916 0.06282085069734847 0.04019771009605916 0.04451068476094319 0.09888585499146993 0.05718975524109456 0.06624098505260649 
0.0898526761341916 0.06282085069734847 0.04019771009605916 0.04451068476094319 0.09888585499146993 0.05718975524109456 0.06624098505260649 0.06027951702064588 
0.06282085069734847 0.04019771009605916 0.04451068476094319 0.09888585499146993 0.05718975524109456 0.06624098505260649 0.06027951702064588 0.06629850742676427 
0.04019771009605916 0.04451068476094319 0.09888585499146993 0.05718975524109456 0.06624098505260649 0.06027951702064588 0.06629850742676427 0.04921885498384841 
0.04451068476094319 0.09888585499146993 0.05718975524109456 0.06624098505260649 0.06027951702064588 0.06629850742676427 0.04921885498384841 0.04720452894430398 
0.09888585499146993 0.05718975524109456 0.06624098505260649 0.06027951702064588 0.06629850742676427 0.04921885498384841 0.04720452894430398 0.05173515800401373 
0.05718975524109456 0.06624098505260649 0.06027951702064588 0.06629850742676427 0.04921885498384841 0.04720452894430398 0.05173515800401373 0.08292576284335422 
0.06624098505260649 0.06027951702064588 0.06629850742676427 0.04921885498384841 0.04720452894430398 0.05173515800401373 0.08292576284335422 0.054142112354755 
0.06027951702064588 0.06629850742676427 0.04921885498384841 0.04720452894430398 0.05173515800401373 0.08292576284335422 0.054142112354755 0.03247254349577988 
0.06629850742676427 0.04921885498384841 0.04720452894430398 0.05173515800401373 0.08292576284335422 0.054142112354755 0.03247254349577988 0.030447948468938116 
0.04921885498384841 0.04720452894430398 0.05173515800401373 0.08292576284335422 0.054142112354755 0.03247254349577988 0.030447948468938116 0.041439535520868306 
0.04720452894430398 0.05173515800401373 0.08292576284335422 0.054142112354755 0.03247254349577988 0.030447948468938116 0.041439535520868306 0.06569424170548625 
0.05173515800401373 0.08292576284335422 0.054142112354755 0.03247254349577988 0.030447948468938116 0.041439535520868306 0.06569424170548625 0.06724638309018698 
0.08292576284335422 0.054142112354755 0.03247254349577988 0.030447948468938116 0.041439535520868306 0.06569424170548625 0.06724638309018698 0.08409923532146543 
0.054142112354755 0.03247254349577988 0.030447948468938116 0.041439535520868306 0.06569424170548625 0.06724638309018698 0.08409923532146543 0.1325534518839781 
0.03247254349577988 0.030447948468938116 0.041439535520868306 0.06569424170548625 0.06724638309018698 0.08409923532146543 0.1325534518839781 0.00011007070759339464 
0.030447948468938116 0.041439535520868306 0.06569424170548625 0.06724638309018698 0.08409923532146543 0.1325534518839781 0.00011007070759339464 0.06920775966397948 
0.041439535520868306 0.06569424170548625 0.06724638309018698 0.08409923532146543 0.1325534518839781 0.00011007070759339464 0.06920775966397948 0.042979562709616705 
0.06569424170548625 0.06724638309018698 0.08409923532146543 0.1325534518839781 0.00011007070759339464 0.06920775966397948 0.042979562709616705 0.05391362738738912 
0.06724638309018698 0.08409923532146543 0.1325534518839781 0.00011007070759339464 0.06920775966397948 0.042979562709616705 0.05391362738738912 0.05635740568476696 
0.08409923532146543 0.1325534518839781 0.00011007070759339464 0.06920775966397948 0.042979562709616705 0.05391362738738912 0.05635740568476696 0.056171280290002616 
0.1325534518839781 0.00011007070759339464 0.06920775966397948 0.042979562709616705 0.05391362738738912 0.05635740568476696 0.056171280290002616 0.0615563211834366 
0.00011007070759339464 0.06920775966397948 0.042979562709616705 0.05391362738738912 0.05635740568476696 0.056171280290002616 0.0615563211834366 0.031153780892703924 
0.06920775966397948 0.042979562709616705 0.05391362738738912 0.05635740568476696 0.056171280290002616 0.0615563211834366 0.031153780892703924 0.039987195856463625 
0.042979562709616705 0.05391362738738912 0.05635740568476696 0.056171280290002616 0.0615563211834366 0.031153780892703924 0.039987195856463625 0.06836329591169955 
0.05391362738738912 0.05635740568476696 0.056171280290002616 0.0615563211834366 0.031153780892703924 0.039987195856463625 0.06836329591169955 0.06300793880967194 
0.05635740568476696 0.056171280290002616 0.0615563211834366 0.031153780892703924 0.039987195856463625 0.06836329591169955 0.06300793880967194 0.05319720507047293 
0.056171280290002616 0.0615563211834366 0.031153780892703924 0.039987195856463625 0.06836329591169955 0.06300793880967194 0.05319720507047293 0.0831516003374325 
0.000783812546055004 0.00019454917340669243 7.7338310583114e-05 0.016900907882771488 0.013108282058595003 0.0004204668939482371 0.023287897075865753 0.02338192249080705 
0.00019454917340669243 7.7338310583114e-05 0.016900907882771488 0.013108282058595003 0.0004204668939482371 0.023287897075865753 0.02338192249080705 0.0002932277232170972 
7.7338310583114e-05 0.016900907882771488 0.013108282058595003 0.0004204668939482371 0.023287897075865753 0.02338192249080705 0.0002932277232170972 0.022845528357447402 
0.016900907882771488 0.013108282058595003 0.0004204668939482371 0.023287897075865753 0.02338192249080705 0.0002932277232170972 0.022845528357447402 0.02134745960898424 
0.013108282058595003 0.0004204668939482371 0.023287897075865753 0.02338192249080705 0.0002932277232170972 0.022845528357447402 0.02134745960898424 0.00032379400571934456 
0.0004204668939482371 0.023287897075865753 0.02338192249080705 0.0002932277232170972 0.022845528357447402 0.02134745960898424 0.00032379400571934456 0.021584769487308777 
0.023287897075865753 0.02338192249080705 0.0002932277232170972 0.022845528357447402 0.02134745960898424 0.00032379400571934456 0.021584769487308777 0.00041814032651368285 
0.02338192249080705 0.0002932277232170972 0.022845528357447402 0.02134745960898424 0.00032379400571934456 0.021584769487308777 0.00041814032651368285 0.027748568659612352 
0.0002932277232170972 0.022845528357447402 0.02134745960898424 0.00032379400571934456 0.021584769487308777 0.00041814032651368285 0.027748568659612352 0.040027790446873435 
0.022845528357447402 0.02134745960898424 0.00032379400571934456 0.021584769487308777 0.00041814032651368285 0.027748568659612352 0.040027790446873435 0.000644138273518488 
0.02134745960898424 0.00032379400571934456 0.021584769487308777 0.00041814032651368285 0.027748568659612352 0.040027790446873435 0.000644138273518488 0.05068146363555043 
0.00032379400571934456 0.021584769487308777 0.00041814032651368285 0.027748568659612352 0.040027790446873435 0.000644138273518488 0.05068146363555043 0.04390810379539364 
0.021584769487308777 0.00041814032651368285 0.027748568659612352 0.040027790446873435 0.000644138273518488 0.05068146363555043 0.04390810379539364 0.00019783845840037255 
0.00041814032651368285 0.027748568659612352 0.040027790446873435 0.000644138273518488 0.05068146363555043 0.04390810379539364 0.00019783845840037255 0.04880400394232841 
0.027748568659612352 0.040027790446873435 0.000644138273518488 0.05068146363555043 0.04390810379539364 0.00019783845840037255 0.04880400394232841 0.04294875574772468 
0.040027790446873435 0.000644138273518488 0.05068146363555043 0.04390810379539364 0.00019783845840037255 0.04880400394232841 0.04294875574772468 0.0001704812344285449 
0.000644138273518488 0.05068146363555043 0.04390810379539364 0.00019783845840037255 0.04880400394232841 0.04294875574772468 0.0001704812344285449 0.05188453967860476 
0.05068146363555043 0.04390810379539364 0.00019783845840037255 0.04880400394232841 0.04294875574772468 0.0001704812344285449 0.05188453967860476 0.0010171913276797743 
0.04390810379539364 0.00019783845840037255 0.04880400394232841 0.04294875574772468 0.0001704812344285449 0.05188453967860476 0.0010171913276797743 0.08809691998573572 
0.00019783845840037255 0.04880400394232841 0.04294875574772468 0.0001704812344285449 0.05188453967860476 0.0010171913276797743 0.08809691998573572 0.07129870197593768 
0.04880400394232841 0.04294875574772468 0.0001704812344285449 0.05188453967860476 0.0010171913276797743 0.08809691998573572 0.07129870197593768 3.4978737981574386e-05 
0.04294875574772468 0.0001704812344285449 0.05188453967860476 0.0010171913276797743 0.08809691998573572 0.07129870197593768 3.4978737981574386e-05 0.01962106634608172 
0.0001704812344285449 0.05188453967860476 0.0010171913276797743 0.08809691998573572 0.07129870197593768 3.4978737981574386e-05 0.01962106634608172 0.028822801002670338 
0.05188453967860476 0.0010171913276797743 0.08809691998573572 0.07129870197593768 3.4978737981574386e-05 0.01962106634608172 0.028822801002670338 0.0007924770040871372 
0.0010171913276797743 0.08809691998573572 0.07129870197593768 3.4978737981574386e-05 0.01962106634608172 0.028822801002670338 0.0007924770040871372 0.02940941690203105 
0.08809691998573572 0.07129870197593768 3.4978737981574386e-05 0.01962106634608172 0.028822801002670338 0.0007924770040871372 0.02940941690203105 0.0007850159430039115 
0.07129870197593768 3.4978737981574386e-05 0.01962106634608172 0.028822801002670338 0.0007924770040871372 0.02940941690203105 0.0007850159430039115 0.03952749822198101 
3.4978737981574386e-05 0.01962106634608172 0.028822801002670338 0.0007924770040871372 0.02940941690203105 0.0007850159430039115 0.03952749822198101 0.00016013202066794148 
0.01962106634608172 0.028822801002670338 0.0007924770040871372 0.02940941690203105 0.0007850159430039115 0.03952749822198101 0.00016013202066794148 0.06012957376081202 
9.948081444300973e-06 0.04751099403395906 4.027368455676684e-05 7.477106375877828e-05 0.03993408593778518 0.02983782621584208 0.0001580461326231687 0.02313771313664211 
0.04751099403395906 4.027368455676684e-05 7.477106375877828e-05 0.03993408593778518 0.02983782621584208 0.0001580461326231687 0.02313771313664211 0.0008102070524677058 
4.027368455676684e-05 7.477106375877828e-05 0.03993408593778518 0.02983782621584208 0.0001580461326231687 0.02313771313664211 0.0008102070524677058 0.015725429743078764 
7.477106375877828e-05 0.03993408593778518 0.02983782621584208 0.0001580461326231687 0.02313771313664211 0.0008102070524677058 0.015725429743078764 0.04947694351615741 
0.03993408593778518 0.02983782621584208 0.0001580461326231687 0.02313771313664211 0.0008102070524677058 0.015725429743078764 0.04947694351615741 0.00014673420130343934 
0.02983782621584208 0.0001580461326231687 0.02313771313664211 0.0008102070524677058 0.015725429743078764 0.04947694351615741 0.00014673420130343934 0.0800932873314793 
0.0001580461326231687 0.02313771313664211 0.0008102070524677058 0.015725429743078764 0.04947694351615741 0.00014673420130343934 0.0800932873314793 0.08854602772706796 
0.02313771313664211 0.0008102070524677058 0.015725429743078764 0.04947694351615741 0.00014673420130343934 0.0800932873314793 0.08854602772706796 0.0006347517773170105 
0.0008102070524677058 0.015725429743078764 0.04947694351615741 0.00014673420130343934 0.0800932873314793 0.08854602772706796 0.0006347517773170105 0.04844940297471703 
0.015725429743078764 0.04947694351615741 0.00014673420130343934 0.0800932873314793 0.08854602772706796 0.0006347517773170105 0.04844940297471703 0.0001858847153745593 
0.04947694351615741 0.00014673420130343934 0.0800932873314793 0.08854602772706796 0.0006347517773170105 0.04844940297471703 0.0001858847153745593 0.06535175493382721 
0.00014673420130343934 0.0800932873314793 0.08854602772706796 0.0006347517773170105 0.04844940297471703 0.0001858847153745593 0.06535175493382721 0.027845883359547328 
0.0800932873314793 0.08854602772706796 0.0006347517773170105 0.04844940297471703 0.0001858847153745593 0.06535175493382721 0.027845883359547328 6.129301793101568e-05 
0.08854602772706796 0.0006347517773170105 0.04844940297471703 0.0001858847153745593 0.06535175493382721 0.027845883359547328 6.129301793101568e-05 0.041009120545475765 
0.0006347517773170105 0.04844940297471703 0.0001858847153745593 0.06535175493382721 0.027845883359547328 6.129301793101568e-05 0.041009120545475765 0.04718583617836429 
0.04844940297471703 0.0001858847153745593 0.06535175493382721 0.027845883359547328 6.129301793101568e-05 0.041009120545475765 0.04718583617836429 0.0003351059370390739 
0.0001858847153745593 0.06535175493382721 0.027845883359547328 6.129301793101568e-05 0.041009120545475765 0.04718583617836429 0.0003351059370390739 0.026158801063642448 
0.06535175493382721 0.027845883359547328 6.129301793101568e-05 0.041009120545475765 0.04718583617836429 0.0003351059370390739 0.026158801063642448 0.00026996204887155465 
0.027845883359547328 6.129301793101568e-05 0.041009120545475765 0.04718583617836429 0.0003351059370390739 0.026158801063642448 0.00026996204887155465 0.04093354721708438 
6.129301793101568e-05 0.041009120545475765 0.04718583617836429 0.0003351059370390739 0.026158801063642448 0.00026996204887155465 0.04093354721708438 0.05716384209346142 
0.041009120545475765 0.04718583617836429 0.0003351059370390739 0.026158801063642448 0.00026996204887155465 0.04093354721708438 0.05716384209346142 9.145816811696056e-05 
0.04718583617836429 0.0003351059370390739 0.026158801063642448 0.00026996204887155465 0.04093354721708438 0.05716384209346142 9.145816811696056e-05 0.04764497222760408 
0.0009374462231988457 0.008076799188750004 0.00024645569513623056 0.017642842215004517 0.017809552805659816 0.020351046935288934 0.0009624768797361191 0.008048800153072092 
0.008076799188750004 0.00024645569513623056 0.017642842215004517 0.017809552805659816 0.020351046935288934 0.0009624768797361191 0.008048800153072092 0.005163615854835029 
0.00024645569513623056 0.017642842215004517 0.017809552805659816 0.020351046935288934 0.0009624768797361191 0.008048800153072092 0.005163615854835029 0.021233939163470647 
0.017642842215004517 0.017809552805659816 0.020351046935288934 0.0009624768797361191 0.008048800153072092 0.005163615854835029 0.021233939163470647 0.02083048027973363 
0.017809552805659816 0.020351046935288934 0.0009624768797361191 0.008048800153072092 0.005163615854835029 0.021233939163470647 0.02083048027973363 0.022188072491027673 
0.020351046935288934 0.0009624768797361191 0.008048800153072092 0.005163615854835029 0.021233939163470647 0.02083048027973363 0.022188072491027673 0.02568891466832575 
0.0009624768797361191 0.008048800153072092 0.005163615854835029 0.021233939163470647 0.02083048027973363 0.022188072491027673 0.02568891466832575 0.02891113033872014 
0.008048800153072092 0.005163615854835029 0.021233939163470647 0.02083048027973363 0.022188072491027673 0.02568891466832575 0.02891113033872014 0.0004897023317420415 
0.005163615854835029 0.021233939163470647 0.02083048027973363 0.022188072491027673 0.02568891466832575 0.02891113033872014 0.0004897023317420415 0.04508743280532286 
0.021233939163470647 0.02083048027973363 0.022188072491027673 0.02568891466832575 0.02891113033872014 0.0004897023317420415 0.04508743280532286 0.02795386817909595 
0.02083048027973363 0.022188072491027673 0.02568891466832575 0.02891113033872014 0.0004897023317420415 0.04508743280532286 0.02795386817909595 0.03493726090006872 
0.022188072491027673 0.02568891466832575 0.02891113033872014 0.0004897023317420415 0.04508743280532286 0.02795386817909595 0.03493726090006872 0.011463719788218182 
0.02568891466832575 0.02891113033872014 0.0004897023317420415 0.04508743280532286 0.02795386817909595 0.03493726090006872 0.011463719788218182 0.0732839860357818 
0.02891113033872014 0.0004897023317420415 0.04508743280532286 0.02795386817909595 0.03493726090006872 0.011463719788218182 0.0732839860357818 0.05247957935660783 
0.0004897023317420415 0.04508743280532286 0.02795386817909595 0.03493726090006872 0.011463719788218182 0.0732839860357818 0.05247957935660783 0.06060635963196912 
0.04508743280532286 0.02795386817909595 0.03493726090006872 0.011463719788218182 0.0732839860357818 0.05247957935660783 0.06060635963196912 0.054504495289302644 
0.02795386817909595 0.03493726090006872 0.011463719788218182 0.0732839860357818 0.05247957935660783 0.06060635963196912 0.054504495289302644 0.07439415983438048 
0.03493726090006872 0.011463719788218182 0.0732839860357818 0.05247957935660783 0.06060635963196912 0.054504495289302644 0.07439415983438048 0.02486988270489939 
0.011463719788218182 0.0732839860357818 0.05247957935660783 0.06060635963196912 0.054504495289302644 0.07439415983438048 0.02486988270489939 0.02828440120772918 
0.0732839860357818 0.05247957935660783 0.06060635963196912 0.054504495289302644 0.07439415983438048 0.02486988270489939 0.02828440120772918 0.015914443290520483 
0.05247957935660783 0.06060635963196912 0.054504495289302644 0.07439415983438048 0.02486988270489939 0.02828440120772918 0.015914443290520483 0.028346416263829537 
0.06060635963196912 0.054504495289302644 0.07439415983438048 0.02486988270489939 0.02828440120772918 0.015914443290520483 0.028346416263829537 0.036939552970124065 
0.054504495289302644 0.07439415983438048 0.02486988270489939 0.02828440120772918 0.015914443290520483 0.028346416263829537 0.036939552970124065 0.027874604433394585 
0.07439415983438048 0.02486988270489939 0.02828440120772918 0.015914443290520483 0.028346416263829537 0.036939552970124065 0.027874604433394585 0.0436287552503206 
0.02486988270489939 0.02828440120772918 0.015914443290520483 0.028346416263829537 0.036939552970124065 0.027874604433394585 0.0436287552503206 0.06958241724740596 
0.02828440120772918 0.015914443290520483 0.028346416263829537 0.036939552970124065 0.027874604433394585 0.0436287552503206 0.06958241724740596 0.061385278363765235 
0.015914443290520483 0.028346416263829537 0.036939552970124065 0.027874604433394585 0.0436287552503206 0.06958241724740596 0.061385278363765235 0.011396409785542629 
0.028346416263829537 0.036939552970124065 0.027874604433394585 0.0436287552503206 0.06958241724740596 0.061385278363765235 0.011396409785542629 0.02313771313664211 
0.036939552970124065 0.027874604433394585 0.0436287552503206 0.06958241724740596 0.061385278363765235 0.011396409785542629 0.02313771313664211 0.035889789698360534 
0.00026659253741461396 0.025184049535027477 0.00023185447882282105 0.025324606298659857 0.020606889126626643 0.0660521319580913 0.04289532492319319 0.07297407120820652 
0.025184049535027477 0.00023185447882282105 0.025324606298659857 0.020606889126626643 0.0660521319580913 0.04289532492319319 0.07297407120820652 0.056138146760676036 
0.00023185447882282105 0.025324606298659857 0.020606889126626643 0.0660521319580913 0.04289532492319319 0.07297407120820652 0.056138146760676036 0.04813042255679332 
0.025324606298659857 0.020606889126626643 0.0660521319580913 0.04289532492319319 0.07297407120820652 0.056138146760676036 0.04813042255679332 0.03697549442566477 
0.020606889126626643 0.0660521319580913 0.04289532492319319 0.07297407120820652 0.056138146760676036 0.04813042255679332 0.03697549442566477 0.05394756318134831 
0.0660521319580913 0.04289532492319319 0.07297407120820652 0.056138146760676036 0.04813042255679332 0.03697549442566477 0.05394756318134831 0.06595008389682394 
0.04289532492319319 0.07297407120820652 0.056138146760676036 0.04813042255679332 0.03697549442566477 0.05394756318134831 0.06595008389682394 0.05580023289742285 
0.07297407120820652 0.056138146760676036 0.04813042255679332 0.03697549442566477 0.05394756318134831 0.06595008389682394 0.05580023289742285 0.05690615469346873 
0.056138146760676036 0.04813042255679332 0.03697549442566477 0.05394756318134831 0.06595008389682394 0.05580023289742285 0.05690615469346873 0.05879492631801048 
0.04813042255679332 0.03697549442566477 0.05394756318134831 0.06595008389682394 0.05580023289742285 0.05690615469346873 0.05879492631801048 0.02615719653437724 
0.03697549442566477 0.05394756318134831 0.06595008389682394 0.05580023289742285 0.05690615469346873 0.05879492631801048 0.02615719653437724 0.07825497815232839 
0.05394756318134831 0.06595008389682394 0.05580023289742285 0.05690615469346873 0.05879492631801048 0.02615719653437724 0.07825497815232839 0.03824724432127009 
0.06595008389682394 0.05580023289742285 0.05690615469346873 0.05879492631801048 0.02615719653437724 0.07825497815232839 0.03824724432127009 0.032860117539791324 
0.05580023289742285 0.05690615469346873 0.05879492631801048 0.02615719653437724 0.07825497815232839 0.03824724432127009 0.032860117539791324 0.03702948683543907 
0.05690615469346873 0.05879492631801048 0.02615719653437724 0.07825497815232839 0.03824724432127009 0.032860117539791324 0.03702948683543907 0.044067032419112674 
0.05879492631801048 0.02615719653437724 0.07825497815232839 0.03824724432127009 0.032860117539791324 0.03702948683543907 0.044067032419112674 0.031091926289530083 
0.02615719653437724 0.07825497815232839 0.03824724432127009 0.032860117539791324 0.03702948683543907 0.044067032419112674 0.031091926289530083 0.023938293013518557 
0.07825497815232839 0.03824724432127009 0.032860117539791324 0.03702948683543907 0.044067032419112674 0.031091926289530083 0.023938293013518557 0.03554208820658956 
0.03824724432127009 0.032860117539791324 0.03702948683543907 0.044067032419112674 0.031091926289530083 0.023938293013518557 0.03554208820658956 0.06609681809812738 
0.032860117539791324 0.03702948683543907 0.044067032419112674 0.031091926289530083 0.023938293013518557 0.03554208820658956 0.06609681809812738 0.07190681856745221 
0.03702948683543907 0.044067032419112674 0.031091926289530083 0.023938293013518557 0.03554208820658956 0.06609681809812738 0.07190681856745221 0.07423458939895537 
0.044067032419112674 0.031091926289530083 0.023938293013518557 0.03554208820658956 0.06609681809812738 0.07190681856745221 0.07423458939895537 0.051868574612415924 
0.031091926289530083 0.023938293013518557 0.03554208820658956 0.06609681809812738 0.07190681856745221 0.07423458939895537 0.051868574612415924 0.04328265828781484 
0.023938293013518557 0.03554208820658956 0.06609681809812738 0.07190681856745221 0.07423458939895537 0.051868574612415924 0.04328265828781484 0.03039764647647379 
0.03554208820658956 0.06609681809812738 0.07190681856745221 0.07423458939895537 0.051868574612415924 0.04328265828781484 0.03039764647647379 0.02372184201564175 
0.06609681809812738 0.07190681856745221 0.07423458939895537 0.051868574612415924 0.04328265828781484 0.03039764647647379 0.02372184201564175 0.022902890278678655 
0.07190681856745221 0.07423458939895537 0.051868574612415924 0.04328265828781484 0.03039764647647379 0.02372184201564175 0.022902890278678655 0.03146136915284465 
0.07423458939895537 0.051868574612415924 0.04328265828781484 0.03039764647647379 0.02372184201564175 0.022902890278678655 0.03146136915284465 0.02017928207744822 
0.051868574612415924 0.04328265828781484 0.03039764647647379 0.02372184201564175 0.022902890278678655 0.03146136915284465 0.02017928207744822 0.03344456732464401 
0.04328265828781484 0.03039764647647379 0.02372184201564175 0.022902890278678655 0.03146136915284465 0.02017928207744822 0.03344456732464401 0.0001756157280772164 
0.03039764647647379 0.02372184201564175 0.022902890278678655 0.03146136915284465 0.02017928207744822 0.03344456732464401 0.0001756157280772164 0.025016697132666087 
0.02372184201564175 0.022902890278678655 0.03146136915284465 0.02017928207744822 0.03344456732464401 0.0001756157280772164 0.025016697132666087 0.033155511377516454 
0.022902890278678655 0.03146136915284465 0.02017928207744822 0.03344456732464401 0.0001756157280772164 0.025016697132666087 0.033155511377516454 0.014187408215911877 
0.03146136915284465 0.02017928207744822 0.03344456732464401 0.0001756157280772164 0.025016697132666087 0.033155511377516454 0.014187408215911877 0.033538913645438345 
0.02017928207744822 0.03344456732464401 0.0001756157280772164 0.025016697132666087 0.033155511377516454 0.014187408215911877 0.033538913645438345 0.03721641449483602 
0.03344456732464401 0.0001756157280772164 0.025016697132666087 0.033155511377516454 0.014187408215911877 0.033538913645438345 0.03721641449483602 0.024870765195995254 
0.0001756157280772164 0.025016697132666087 0.033155511377516454 0.014187408215911877 0.033538913645438345 0.03721641449483602 0.024870765195995254 0.03028805712765996 
0.025016697132666087 0.033155511377516454 0.014187408215911877 0.033538913645438345 0.03721641449483602 0.024870765195995254 0.03028805712765996 0.04060261305613486 
0.0006277720750133477 0.00525683900514372 0.0009234065921282596 0.01621136143104756 0.02223011115777617 0.06642598727688519 0.026772693960511733 0.015009248105552353 
0.00525683900514372 0.0009234065921282596 0.01621136143104756 0.02223011115777617 0.06642598727688519 0.026772693960511733 0.015009248105552353 0.04635910247446492 
0.0009234065921282596 0.01621136143104756 0.02223011115777617 0.06642598727688519 0.026772693960511733 0.015009248105552353 0.04635910247446492 0.0008636378769991933 
0.01621136143104756 0.02223011115777617 0.06642598727688519 0.026772693960511733 0.015009248105552353 0.04635910247446492 0.0008636378769991933 0.07401597228657053 
0.02223011115777617 0.06642598727688519 0.026772693960511733 0.015009248105552353 0.04635910247446492 0.0008636378769991933 0.07401597228657053 0.04100390582536383 
0.06642598727688519 0.026772693960511733 0.015009248105552353 0.04635910247446492 0.0008636378769991933 0.07401597228657053 0.04100390582536383 0.030554489212148053 
0.026772693960511733 0.015009248105552353 0.04635910247446492 0.0008636378769991933 0.07401597228657053 0.04100390582536383 0.030554489212148053 0.04747481189902858 
0.015009248105552353 0.04635910247446492 0.0008636378769991933 0.07401597228657053 0.04100390582536383 0.030554489212148053 0.04747481189902858 0.047156312839884425 
0.04635910247446492 0.0008636378769991933 0.07401597228657053 0.04100390582536383 0.030554489212148053 0.04747481189902858 0.047156312839884425 0.04731026742288131 
0.0008636378769991933 0.07401597228657053 0.04100390582536383 0.030554489212148053 0.04747481189902858 0.047156312839884425 0.04731026742288131 0.03485895987192647 
0.07401597228657053 0.04100390582536383 0.030554489212148053 0.04747481189902858 0.047156312839884425 0.04731026742288131 0.03485895987192647 0.0482388887351215 
0.04100390582536383 0.030554489212148053 0.04747481189902858 0.047156312839884425 0.04731026742288131 0.03485895987192647 0.0482388887351215 0.05544539125042169 
0.030554489212148053 0.04747481189902858 0.047156312839884425 0.04731026742288131 0.03485895987192647 0.0482388887351215 0.05544539125042169 0.07717512995684217 
0.04747481189902858 0.047156312839884425 0.04731026742288131 0.03485895987192647 0.0482388887351215 0.05544539125042169 0.07717512995684217 0.07414425440132405 
0.047156312839884425 0.04731026742288131 0.03485895987192647 0.0482388887351215 0.05544539125042169 0.07717512995684217 0.07414425440132405 0.10856317212226672 
0.04731026742288131 0.03485895987192647 0.0482388887351215 0.05544539125042169 0.07717512995684217 0.07414425440132405 0.10856317212226672 0.0773290043133758 
0.03485895987192647 0.0482388887351215 0.05544539125042169 0.07717512995684217 0.07414425440132405 0.10856317212226672 0.0773290043133758 0.06626384959463574 
0.0482388887351215 0.05544539125042169 0.07717512995684217 0.07414425440132405 0.10856317212226672 0.0773290043133758 0.06626384959463574 0.07588348389834826 
0.05544539125042169 0.07717512995684217 0.07414425440132405 0.10856317212226672 0.0773290043133758 0.06626384959463574 0.07588348389834826 0.059451499693334346 
0.07717512995684217 0.07414425440132405 0.10856317212226672 0.0773290043133758 0.06626384959463574 0.07588348389834826 0.059451499693334346 0.05064223289501605 
0.07414425440132405 0.10856317212226672 0.0773290043133758 0.06626384959463574 0.07588348389834826 0.059451499693334346 0.05064223289501605 0.05067673027421807 
0.10856317212226672 0.0773290043133758 0.06626384959463574 0.07588348389834826 0.059451499693334346 0.05064223289501605 0.05067673027421807 0.04802267841663447 
0.0773290043133758 0.06626384959463574 0.07588348389834826 0.059451499693334346 0.05064223289501605 0.05067673027421807 0.04802267841663447 0.05040428120498543 
0.06626384959463574 0.07588348389834826 0.059451499693334346 0.05064223289501605 0.05067673027421807 0.04802267841663447 0.05040428120498543 0.042466113344749555 
0.07588348389834826 0.059451499693334346 0.05064223289501605 0.05067673027421807 0.04802267841663447 0.05040428120498543 0.042466113344749555 0.04445252057507933 
0.059451499693334346 0.05064223289501605 0.05067673027421807 0.04802267841663447 0.05040428120498543 0.042466113344749555 0.04445252057507933 0.04389526756127196 
0.05064223289501605 0.05067673027421807 0.04802267841663447 0.05040428120498543 0.042466113344749555 0.04445252057507933 0.04389526756127196 0.030449232092350287 
0.05067673027421807 0.04802267841663447 0.05040428120498543 0.042466113344749555 0.04445252057507933 0.04389526756127196 0.030449232092350287 0.02047451546224683 
0.04802267841663447 0.05040428120498543 0.042466113344749555 0.04445252057507933 0.04389526756127196 0.030449232092350287 0.02047451546224683 0.024828325396930452 
0.05040428120498543 0.042466113344749555 0.04445252057507933 0.04389526756127196 0.030449232092350287 0.02047451546224683 0.024828325396930452 0.01834979780925597 
0.042466113344749555 0.04445252057507933 0.04389526756127196 0.030449232092350287 0.02047451546224683 0.024828325396930452 0.01834979780925597 0.04252652387158471 
0.04445252057507933 0.04389526756127196 0.030449232092350287 0.02047451546224683 0.024828325396930452 0.01834979780925597 0.04252652387158471 0.05902020222684594 
0.04389526756127196 0.030449232092350287 0.02047451546224683 0.024828325396930452 0.01834979780925597 0.04252652387158471 0.05902020222684594 0.020189952197061864 
0.030449232092350287 0.02047451546224683 0.024828325396930452 0.01834979780925597 0.04252652387158471 0.05902020222684594 0.020189952197061864 0.0327720288831313 
0.02047451546224683 0.024828325396930452 0.01834979780925597 0.04252652387158471 0.05902020222684594 0.020189952197061864 0.0327720288831313 0.0324775977629653 
0.024828325396930452 0.01834979780925597 0.04252652387158471 0.05902020222684594 0.020189952197061864 0.0327720288831313 0.0324775977629653 0.03617507500171484 
0.01834979780925597 0.04252652387158471 0.05902020222684594 0.020189952197061864 0.0327720288831313 0.0324775977629653 0.03617507500171484 0.02352408378370464 
0.04252652387158471 0.05902020222684594 0.020189952197061864 0.0327720288831313 0.0324775977629653 0.03617507500171484 0.02352408378370464 0.02503996280701163 
0.05902020222684594 0.020189952197061864 0.0327720288831313 0.0324775977629653 0.03617507500171484 0.02352408378370464 0.02503996280701163 0.024662096165054718 
0.000494034560758108 0.022379733511756986 0.00023217538467586301 0.018387022888208836 0.005723837247783042 0.00487672602221551 0.006476281246703193 0.017151776033387047 
0.022379733511756986 0.00023217538467586301 0.018387022888208836 0.005723837247783042 0.00487672602221551 0.006476281246703193 0.017151776033387047 0.01739847240791306 
0.00023217538467586301 0.018387022888208836 0.005723837247783042 0.00487672602221551 0.006476281246703193 0.017151776033387047 0.01739847240791306 0.023648675481148185 
0.018387022888208836 0.005723837247783042 0.00487672602221551 0.006476281246703193 0.017151776033387047 0.01739847240791306 0.023648675481148185 0.027011207235785175 
0.005723837247783042 0.00487672602221551 0.006476281246703193 0.017151776033387047 0.01739847240791306 0.023648675481148185 0.027011207235785175 0.015171626467191588 
0.00487672602221551 0.006476281246703193 0.017151776033387047 0.01739847240791306 0.023648675481148185 0.027011207235785175 0.015171626467191588 0.014837483247711641 
0.006476281246703193 0.017151776033387047 0.01739847240791306 0.023648675481148185 0.027011207235785175 0.015171626467191588 0.014837483247711641 0.010935027395331542 
0.017151776033387047 0.01739847240791306 0.023648675481148185 0.027011207235785175 0.015171626467191588 0.014837483247711641 0.010935027395331542 0.012478664774926663 
0.01739847240791306 0.023648675481148185 0.027011207235785175 0.015171626467191588 0.014837483247711641 0.010935027395331542 0.012478664774926663 0.017013305157799433 
0.023648675481148185 0.027011207235785175 0.015171626467191588 0.014837483247711641 0.010935027395331542 0.012478664774926663 0.017013305157799433 0.016265915426064696 
0.027011207235785175 0.015171626467191588 0.014837483247711641 0.010935027395331542 0.012478664774926663 0.017013305157799433 0.016265915426064696 0.012252105242679034 
0.015171626467191588 0.014837483247711641 0.010935027395331542 0.012478664774926663 0.017013305157799433 0.016265915426064696 0.012252105242679034 0.010297788597653455 
0.014837483247711641 0.010935027395331542 0.012478664774926663 0.017013305157799433 0.016265915426064696 0.012252105242679034 0.010297788597653455 0.01309632831556919 
0.010935027395331542 0.012478664774926663 0.017013305157799433 0.016265915426064696 0.012252105242679034 0.010297788597653455 0.01309632831556919 0.015677053185732686 
0.012478664774926663 0.017013305157799433 0.016265915426064696 0.012252105242679034 0.010297788597653455 0.01309632831556919 0.015677053185732686 0.02274372097556984 
0.017013305157799433 0.016265915426064696 0.012252105242679034 0.010297788597653455 0.01309632831556919 0.015677053185732686 0.02274372097556984 0.020012731939719437 
0.016265915426064696 0.012252105242679034 0.010297788597653455 0.01309632831556919 0.015677053185732686 0.02274372097556984 0.020012731939719437 0.032341212775422463 
0.012252105242679034 0.010297788597653455 0.01309632831556919 0.015677053185732686 0.02274372097556984 0.020012731939719437 0.032341212775422463 0.017441233112830898 
0.010297788597653455 0.01309632831556919 0.015677053185732686 0.02274372097556984 0.020012731939719437 0.032341212775422463 0.017441233112830898 0.00925428299002424 
0.01309632831556919 0.015677053185732686 0.02274372097556984 0.020012731939719437 0.032341212775422463 0.017441233112830898 0.00925428299002424 0.008397303909475668 
0.015677053185732686 0.02274372097556984 0.020012731939719437 0.032341212775422463 0.017441233112830898 0.00925428299002424 0.008397303909475668 0.005521506107440082 
0.02274372097556984 0.020012731939719437 0.032341212775422463 0.017441233112830898 0.00925428299002424 0.008397303909475668 0.005521506107440082 0.0073326987420089425 
0.020012731939719437 0.032341212775422463 0.017441233112830898 0.00925428299002424 0.008397303909475668 0.005521506107440082 0.0073326987420089425 0.021759422497826867 
0.032341212775422463 0.017441233112830898 0.00925428299002424 0.008397303909475668 0.005521506107440082 0.0073326987420089425 0.021759422497826867 0.013862892172023187 
0.017441233112830898 0.00925428299002424 0.008397303909475668 0.005521506107440082 0.0073326987420089425 0.021759422497826867 0.013862892172023187 0.029908987088754134 
0.00925428299002424 0.008397303909475668 0.005521506107440082 0.0073326987420089425 0.021759422497826867 0.013862892172023187 0.029908987088754134 0.015024009774792284 
0.008397303909475668 0.005521506107440082 0.0073326987420089425 0.021759422497826867 0.013862892172023187 0.029908987088754134 0.015024009774792284 0.018750528993242123 
0.005521506107440082 0.0073326987420089425 0.021759422497826867 0.013862892172023187 0.029908987088754134 0.015024009774792284 0.018750528993242123 0.02891778913517076 
0.0073326987420089425 0.021759422497826867 0.013862892172023187 0.029908987088754134 0.015024009774792284 0.018750528993242123 0.02891778913517076 0.03169579087849181 
0.021759422497826867 0.013862892172023187 0.029908987088754134 0.015024009774792284 0.018750528993242123 0.02891778913517076 0.03169579087849181 0.03319618619438952 
0.00048328421468120207 0.01255985395574628 0.00012723917073113986 0.016127123644624045 0.003700525844353441 0.006347678226096626 0.016865688465400132 0.010801691013392605 
0.01255985395574628 0.00012723917073113986 0.016127123644624045 0.003700525844353441 0.006347678226096626 0.016865688465400132 0.010801691013392605 0.01348141533921955 
0.00012723917073113986 0.016127123644624045 0.003700525844353441 0.006347678226096626 0.016865688465400132 0.010801691013392605 0.01348141533921955 0.028627850696947343 
0.016127123644624045 0.003700525844353441 0.006347678226096626 0.016865688465400132 0.010801691013392605 0.01348141533921955 0.028627850696947343 0.022375080376887877 
0.003700525844353441 0.006347678226096626 0.016865688465400132 0.010801691013392605 0.01348141533921955 0.028627850696947343 0.022375080376887877 0.045662977452753634 
0.006347678226096626 0.016865688465400132 0.010801691013392605 0.01348141533921955 0.028627850696947343 0.022375080376887877 0.045662977452753634 0.009857104634963575 
0.016865688465400132 0.010801691013392605 0.01348141533921955 0.028627850696947343 0.022375080376887877 0.045662977452753634 0.009857104634963575 0.024885767544624966 
0.010801691013392605 0.01348141533921955 0.028627850696947343 0.022375080376887877 0.045662977452753634 0.009857104634963575 0.024885767544624966 0.051804714347660576 
0.01348141533921955 0.028627850696947343 0.022375080376887877 0.045662977452753634 0.009857104634963575 0.024885767544624966 0.051804714347660576 0.028211635805551912 
0.028627850696947343 0.022375080376887877 0.045662977452753634 0.009857104634963575 0.024885767544624966 0.051804714347660576 0.028211635805551912 0.020127536008645204 
0.022375080376887877 0.045662977452753634 0.009857104634963575 0.024885767544624966 0.051804714347660576 0.028211635805551912 0.020127536008645204 0.019208943004312574 
0.045662977452753634 0.009857104634963575 0.024885767544624966 0.051804714347660576 0.028211635805551912 0.020127536008645204 0.019208943004312574 0.0179834035515453 
0.009857104634963575 0.024885767544624966 0.051804714347660576 0.028211635805551912 0.020127536008645204 0.019208943004312574 0.0179834035515453 0.0466820139890884 
0.024885767544624966 0.051804714347660576 0.028211635805551912 0.020127536008645204 0.019208943004312574 0.0179834035515453 0.0466820139890884 0.03098843415192405 
0.051804714347660576 0.028211635805551912 0.020127536008645204 0.019208943004312574 0.0179834035515453 0.0466820139890884 0.03098843415192405 0.016502583492683146 
0.028211635805551912 0.020127536008645204 0.019208943004312574 0.0179834035515453 0.0466820139890884 0.03098843415192405 0.016502583492683146 0.027688318585703725 
0.020127536008645204 0.019208943004312574 0.0179834035515453 0.0466820139890884 0.03098843415192405 0.016502583492683146 0.027688318585703725 0.06373912279582807 
0.019208943004312574 0.0179834035515453 0.0466820139890884 0.03098843415192405 0.016502583492683146 0.027688318585703725 0.06373912279582807 0.03507011592322809 
0.0179834035515453 0.0466820139890884 0.03098843415192405 0.016502583492683146 0.027688318585703725 0.06373912279582807 0.03507011592322809 0.06048906854268228 
0.0466820139890884 0.03098843415192405 0.016502583492683146 0.027688318585703725 0.06373912279582807 0.03507011592322809 0.06048906854268228 0.06319743371589322 
0.03098843415192405 0.016502583492683146 0.027688318585703725 0.06373912279582807 0.03507011592322809 0.06048906854268228 0.06319743371589322 0.10637210718415945 
0.016502583492683146 0.027688318585703725 0.06373912279582807 0.03507011592322809 0.06048906854268228 0.06319743371589322 0.10637210718415945 0.055686872904835774 
0.027688318585703725 0.06373912279582807 0.03507011592322809 0.06048906854268228 0.06319743371589322 0.10637210718415945 0.055686872904835774 0.04020982429201149 
0.06373912279582807 0.03507011592322809 0.06048906854268228 0.06319743371589322 0.10637210718415945 0.055686872904835774 0.04020982429201149 0.04060052716809009 
0.03507011592322809 0.06048906854268228 0.06319743371589322 0.10637210718415945 0.055686872904835774 0.04020982429201149 0.04060052716809009 0.02447364420285582 
0.06048906854268228 0.06319743371589322 0.10637210718415945 0.055686872904835774 0.04020982429201149 0.04060052716809009 0.02447364420285582 0.021486893202130975 
0.06319743371589322 0.10637210718415945 0.055686872904835774 0.04020982429201149 0.04060052716809009 0.02447364420285582 0.021486893202130975 0.009198445371594938 
0.10637210718415945 0.055686872904835774 0.04020982429201149 0.04060052716809009 0.02447364420285582 0.021486893202130975 0.009198445371594938 0.02767628461621465 
3.265217054702013e-05 0.046927506966665505 0.0005327839425129255 0.02642306703362251 0.0011198009741899433 0.02474280398709477 0.0010518491598083069 0.0332835528128802 
0.046927506966665505 0.0005327839425129255 0.02642306703362251 0.0011198009741899433 0.02474280398709477 0.0010518491598083069 0.0332835528128802 0.0026595874835485607 
0.0005327839425129255 0.02642306703362251 0.0011198009741899433 0.02474280398709477 0.0010518491598083069 0.0332835528128802 0.0026595874835485607 0.012213355860924216 
0.02642306703362251 0.0011198009741899433 0.02474280398709477 0.0010518491598083069 0.0332835528128802 0.0026595874835485607 0.012213355860924216 0.048165882653554454 
0.0011198009741899433 0.02474280398709477 0.0010518491598083069 0.0332835528128802 0.0026595874835485607 0.012213355860924216 0.048165882653554454 0.04355807573618811 
0.02474280398709477 0.0010518491598083069 0.0332835528128802 0.0026595874835485607 0.012213355860924216 0.048165882653554454 0.04355807573618811 0.00037128807196955564 
0.0010518491598083069 0.0332835528128802 0.0026595874835485607 0.012213355860924216 0.048165882653554454 0.04355807573618811 0.00037128807196955564 0.03218557343669711 
0.0332835528128802 0.0026595874835485607 0.012213355860924216 0.048165882653554454 0.04355807573618811 0.00037128807196955564 0.03218557343669711 4.1396855042413725e-05 
0.0026595874835485607 0.012213355860924216 0.048165882653554454 0.04355807573618811 0.00037128807196955564 0.03218557343669711 4.1396855042413725e-05 0.05061575816214009 
0.012213355860924216 0.048165882653554454 0.04355807573618811 0.00037128807196955564 0.03218557343669711 4.1396855042413725e-05 0.05061575816214009 0.0007476304111245222 
0.048165882653554454 0.04355807573618811 0.00037128807196955564 0.03218557343669711 4.1396855042413725e-05 0.05061575816214009 0.0007476304111245222 0.040553755140009216 
0.04355807573618811 0.00037128807196955564 0.03218557343669711 4.1396855042413725e-05 0.05061575816214009 0.0007476304111245222 0.040553755140009216 0.05828428487935745 
0.00037128807196955564 0.03218557343669711 4.1396855042413725e-05 0.05061575816214009 0.0007476304111245222 0.040553755140009216 0.05828428487935745 2.0858880447727846e-05 
0.03218557343669711 4.1396855042413725e-05 0.05061575816214009 0.0007476304111245222 0.040553755140009216 0.05828428487935745 2.0858880447727846e-05 0.01732707085561122 
4.1396855042413725e-05 0.05061575816214009 0.0007476304111245222 0.040553755140009216 0.05828428487935745 2.0858880447727846e-05 0.01732707085561122 0.027914878117951354 
0.05061575816214009 0.0007476304111245222 0.040553755140009216 0.05828428487935745 2.0858880447727846e-05 0.01732707085561122 0.027914878117951354 0.0007648791007255281 
0.0007476304111245222 0.040553755140009216 0.05828428487935745 2.0858880447727846e-05 0.01732707085561122 0.027914878117951354 0.0007648791007255281 0.03517336738144434 
0.040553755140009216 0.05828428487935745 2.0858880447727846e-05 0.01732707085561122 0.027914878117951354 0.0007648791007255281 0.03517336738144434 0.02275190407482241 
0.05828428487935745 2.0858880447727846e-05 0.01732707085561122 0.027914878117951354 0.0007648791007255281 0.03517336738144434 0.02275190407482241 0.0004105188125039361 
2.0858880447727846e-05 0.01732707085561122 0.027914878117951354 0.0007648791007255281 0.03517336738144434 0.02275190407482241 0.0004105188125039361 0.024244918556100156 
0.01732707085561122 0.027914878117951354 0.0007648791007255281 0.03517336738144434 0.02275190407482241 0.0004105188125039361 0.024244918556100156 0.00021909847116440288 
0.027914878117951354 0.0007648791007255281 0.03517336738144434 0.02275190407482241 0.0004105188125039361 0.024244918556100156 0.00021909847116440288 0.0646394241665373 
0.0007648791007255281 0.03517336738144434 0.02275190407482241 0.0004105188125039361 0.024244918556100156 0.00021909847116440288 0.0646394241665373 0.09442293706675203 
0.03517336738144434 0.02275190407482241 0.0004105188125039361 0.024244918556100156 0.00021909847116440288 0.0646394241665373 0.09442293706675203 0.0002991644814983736 
0.02275190407482241 0.0004105188125039361 0.024244918556100156 0.00021909847116440288 0.0646394241665373 0.09442293706675203 0.0002991644814983736 0.05040885411339128 
0.0004105188125039361 0.024244918556100156 0.00021909847116440288 0.0646394241665373 0.09442293706675203 0.0002991644814983736 0.05040885411339128 0.07235055113574598 
0.024244918556100156 0.00021909847116440288 0.0646394241665373 0.09442293706675203 0.0002991644814983736 0.05040885411339128 0.07235055113574598 0.0002837610005523592 
0.00021909847116440288 0.0646394241665373 0.09442293706675203 0.0002991644814983736 0.05040885411339128 0.07235055113574598 0.0002837610005523592 0.15480121286367157 
0.0010585079562589277 0.0262222601960815 8.865024190284334e-05 0.01324001391126873 0.010140865635515934 0.020200943222528554 0.028806595257091717 0.10182302603789978 
0.0262222601960815 8.865024190284334e-05 0.01324001391126873 0.010140865635515934 0.020200943222528554 0.028806595257091717 0.10182302603789978 0.07837451558258653 
8.865024190284334e-05 0.01324001391126873 0.010140865635515934 0.020200943222528554 0.028806595257091717 0.10182302603789978 0.07837451558258653 0.055623253319470205 
0.01324001391126873 0.010140865635515934 0.020200943222528554 0.028806595257091717 0.10182302603789978 0.07837451558258653 0.055623253319470205 0.09500802866331079 
0.010140865635515934 0.020200943222528554 0.028806595257091717 0.10182302603789978 0.07837451558258653 0.055623253319470205 0.09500802866331079 0.04545045755157659 
0.020200943222528554 0.028806595257091717 0.10182302603789978 0.07837451558258653 0.055623253319470205 0.09500802866331079 0.04545045755157659 0.03362058418503752 
0.028806595257091717 0.10182302603789978 0.07837451558258653 0.055623253319470205 0.09500802866331079 0.04545045755157659 0.03362058418503752 0.07513152125820767 
0.10182302603789978 0.07837451558258653 0.055623253319470205 0.09500802866331079 0.04545045755157659 0.03362058418503752 0.07513152125820767 0.03298294425504313 
0.07837451558258653 0.055623253319470205 0.09500802866331079 0.04545045755157659 0.03362058418503752 0.07513152125820767 0.03298294425504313 0.04145052654633499 
0.055623253319470205 0.09500802866331079 0.04545045755157659 0.03362058418503752 0.07513152125820767 0.03298294425504313 0.04145052654633499 0.08404556381754416 
0.09500802866331079 0.04545045755157659 0.03362058418503752 0.07513152125820767 0.03298294425504313 0.04145052654633499 0.08404556381754416 0.02838957810106368 
0.04545045755157659 0.03362058418503752 0.07513152125820767 0.03298294425504313 0.04145052654633499 0.08404556381754416 0.02838957810106368 0.04528815941640062 
0.03362058418503752 0.07513152125820767 0.03298294425504313 0.04145052654633499 0.08404556381754416 0.02838957810106368 0.04528815941640062 0.03397759194654671 
0.07513152125820767 0.03298294425504313 0.04145052654633499 0.08404556381754416 0.02838957810106368 0.04528815941640062 0.03397759194654671 0.017719057355101982 
0.03298294425504313 0.04145052654633499 0.08404556381754416 0.02838957810106368 0.04528815941640062 0.03397759194654671 0.017719057355101982 0.033301122408334244 
0.04145052654633499 0.08404556381754416 0.02838957810106368 0.04528815941640062 0.03397759194654671 0.017719057355101982 0.033301122408334244 0.0308951307751521 
0.08404556381754416 0.02838957810106368 0.04528815941640062 0.03397759194654671 0.017719057355101982 0.033301122408334244 0.0308951307751521 0.04154824237858627 
0.02838957810106368 0.04528815941640062 0.03397759194654671 0.017719057355101982 0.033301122408334244 0.0308951307751521 0.04154824237858627 0.04863825606923223 
0.04528815941640062 0.03397759194654671 0.017719057355101982 0.033301122408334244 0.0308951307751521 0.04154824237858627 0.04863825606923223 0.17572114564994065 
0.03397759194654671 0.017719057355101982 0.033301122408334244 0.0308951307751521 0.04154824237858627 0.04863825606923223 0.17572114564994065 0.11856099397378922 
0.017719057355101982 0.033301122408334244 0.0308951307751521 0.04154824237858627 0.04863825606923223 0.17572114564994065 0.11856099397378922 0.04066591173564738 
