0.00045263770571569425 0.07582548016541092 1.4440763386888509e-05 0.052426389211466126 0.02548666375444605 0.06322214346657745 0.04299496619056272 0.13022038610589973 
0.07582548016541092 1.4440763386888509e-05 0.052426389211466126 0.02548666375444605 0.06322214346657745 0.04299496619056272 0.13022038610589973 0.13305189890021552 
1.4440763386888509e-05 0.052426389211466126 0.02548666375444605 0.06322214346657745 0.04299496619056272 0.13022038610589973 0.13305189890021552 0.1448177515490727 
0.052426389211466126 0.02548666375444605 0.06322214346657745 0.04299496619056272 0.13022038610589973 0.13305189890021552 0.1448177515490727 0.188883741024163 
0.02548666375444605 0.06322214346657745 0.04299496619056272 0.13022038610589973 0.13305189890021552 0.1448177515490727 0.188883741024163 0.2327594333283994 
0.06322214346657745 0.04299496619056272 0.13022038610589973 0.13305189890021552 0.1448177515490727 0.188883741024163 0.2327594333283994 0.19390150516879046 
0.04299496619056272 0.13022038610589973 0.13305189890021552 0.1448177515490727 0.188883741024163 0.2327594333283994 0.19390150516879046 0.30843071823142365 
0.13022038610589973 0.13305189890021552 0.1448177515490727 0.188883741024163 0.2327594333283994 0.19390150516879046 0.30843071823142365 0.00035813093199483506 
0.13305189890021552 0.1448177515490727 0.188883741024163 0.2327594333283994 0.19390150516879046 0.30843071823142365 0.00035813093199483506 0.1051207348102223 
0.1448177515490727 0.188883741024163 0.2327594333283994 0.19390150516879046 0.30843071823142365 0.00035813093199483506 0.1051207348102223 5.535625964973928e-05 
0.188883741024163 0.2327594333283994 0.19390150516879046 0.30843071823142365 0.00035813093199483506 0.1051207348102223 5.535625964973928e-05 0.20756784250582544 
0.2327594333283994 0.19390150516879046 0.30843071823142365 0.00035813093199483506 0.1051207348102223 5.535625964973928e-05 0.20756784250582544 0.3780779584611441 
0.19390150516879046 0.30843071823142365 0.00035813093199483506 0.1051207348102223 5.535625964973928e-05 0.20756784250582544 0.3780779584611441 0.11662914073847658 
0.30843071823142365 0.00035813093199483506 0.1051207348102223 5.535625964973928e-05 0.20756784250582544 0.3780779584611441 0.11662914073847658 9.948081444300973e-05 
0.00035813093199483506 0.1051207348102223 5.535625964973928e-05 0.20756784250582544 0.3780779584611441 0.11662914073847658 9.948081444300973e-05 0.2974739494645485 
0.1051207348102223 5.535625964973928e-05 0.20756784250582544 0.3780779584611441 0.11662914073847658 9.948081444300973e-05 0.2974739494645485 0.03636087949062614 
5.535625964973928e-05 0.20756784250582544 0.3780779584611441 0.11662914073847658 9.948081444300973e-05 0.2974739494645485 0.03636087949062614 0.00010974980174035266 
0.0002925056850477528 0.0350128342284601 0.00016414334383096604 0.023683493766203236 0.05102146338684839 0.13631013625261387 0.12601058267276868 0.174171491285601 
0.0350128342284601 0.00016414334383096604 0.023683493766203236 0.05102146338684839 0.13631013625261387 0.12601058267276868 0.174171491285601 0.1711281806282775 
0.00016414334383096604 0.023683493766203236 0.05102146338684839 0.13631013625261387 0.12601058267276868 0.174171491285601 0.1711281806282775 0.23099998676263356 
0.023683493766203236 0.05102146338684839 0.13631013625261387 0.12601058267276868 0.174171491285601 0.1711281806282775 0.23099998676263356 0.23127885394892703 
0.05102146338684839 0.13631013625261387 0.12601058267276868 0.174171491285601 0.1711281806282775 0.23099998676263356 0.23127885394892703 0.18910131519252546 
0.13631013625261387 0.12601058267276868 0.174171491285601 0.1711281806282775 0.23099998676263356 0.23127885394892703 0.18910131519252546 0.14280470913294047 
0.12601058267276868 0.174171491285601 0.1711281806282775 0.23099998676263356 0.23127885394892703 0.18910131519252546 0.14280470913294047 0.1520634848049073 
0.174171491285601 0.1711281806282775 0.23099998676263356 0.23127885394892703 0.18910131519252546 0.14280470913294047 0.1520634848049073 0.08704868101677414 
0.1711281806282775 0.23099998676263356 0.23127885394892703 0.18910131519252546 0.14280470913294047 0.1520634848049073 0.08704868101677414 0.32428651597730074 
0.23099998676263356 0.23127885394892703 0.18910131519252546 0.14280470913294047 0.1520634848049073 0.08704868101677414 0.32428651597730074 0.17007544897737334 
0.23127885394892703 0.18910131519252546 0.14280470913294047 0.1520634848049073 0.08704868101677414 0.32428651597730074 0.17007544897737334 0.0016745669676362436 
0.18910131519252546 0.14280470913294047 0.1520634848049073 0.08704868101677414 0.32428651597730074 0.17007544897737334 0.0016745669676362436 0.0018870066423500257 
0.14280470913294047 0.1520634848049073 0.08704868101677414 0.32428651597730074 0.17007544897737334 0.0016745669676362436 0.0018870066423500257 0.02326423026920391 
0.1520634848049073 0.08704868101677414 0.32428651597730074 0.17007544897737334 0.0016745669676362436 0.0018870066423500257 0.02326423026920391 0.2236915164125293 
0.08704868101677414 0.32428651597730074 0.17007544897737334 0.0016745669676362436 0.0018870066423500257 0.02326423026920391 0.2236915164125293 0.39400419504176387 
0.32428651597730074 0.17007544897737334 0.0016745669676362436 0.0018870066423500257 0.02326423026920391 0.2236915164125293 0.39400419504176387 1.3879178144065067e-05 
0.17007544897737334 0.0016745669676362436 0.0018870066423500257 0.02326423026920391 0.2236915164125293 0.39400419504176387 1.3879178144065067e-05 0.33777178218675674 
0.0016745669676362436 0.0018870066423500257 0.02326423026920391 0.2236915164125293 0.39400419504176387 1.3879178144065067e-05 0.33777178218675674 5.214720111931962e-06 
0.0018870066423500257 0.02326423026920391 0.2236915164125293 0.39400419504176387 1.3879178144065067e-05 0.33777178218675674 5.214720111931962e-06 0.11973318282848826 
0.02326423026920391 0.2236915164125293 0.39400419504176387 1.3879178144065067e-05 0.33777178218675674 5.214720111931962e-06 0.11973318282848826 0.08828224311586748 
0.2236915164125293 0.39400419504176387 1.3879178144065067e-05 0.33777178218675674 5.214720111931962e-06 0.11973318282848826 0.08828224311586748 0.0004931520696622425 
0.39400419504176387 1.3879178144065067e-05 0.33777178218675674 5.214720111931962e-06 0.11973318282848826 0.08828224311586748 0.0004931520696622425 0.040088120747245326 
1.3879178144065067e-05 0.33777178218675674 5.214720111931962e-06 0.11973318282848826 0.08828224311586748 0.0004931520696622425 0.040088120747245326 0.07068625315540708 
0.33777178218675674 5.214720111931962e-06 0.11973318282848826 0.08828224311586748 0.0004931520696622425 0.040088120747245326 0.07068625315540708 0.0 
5.214720111931962e-06 0.11973318282848826 0.08828224311586748 0.0004931520696622425 0.040088120747245326 0.07068625315540708 0.0 0.08869685347799769 
8.977341238849024e-05 0.07194677134615593 0.0013033591221299483 0.18425042209147985 0.0002266397587108891 0.27708992945285954 0.21271573397386143 0.21802768855926508 
0.07194677134615593 0.0013033591221299483 0.18425042209147985 0.0002266397587108891 0.27708992945285954 0.21271573397386143 0.21802768855926508 0.222716363751598 
0.0013033591221299483 0.18425042209147985 0.0002266397587108891 0.27708992945285954 0.21271573397386143 0.21802768855926508 0.222716363751598 0.0765896372279671 
0.18425042209147985 0.0002266397587108891 0.27708992945285954 0.21271573397386143 0.21802768855926508 0.222716363751598 0.0765896372279671 0.08113149799253333 
0.0002266397587108891 0.27708992945285954 0.21271573397386143 0.21802768855926508 0.222716363751598 0.0765896372279671 0.08113149799253333 0.10380036767788112 
0.27708992945285954 0.21271573397386143 0.21802768855926508 0.222716363751598 0.0765896372279671 0.08113149799253333 0.10380036767788112 0.15160691600249182 
0.21271573397386143 0.21802768855926508 0.222716363751598 0.0765896372279671 0.08113149799253333 0.10380036767788112 0.15160691600249182 0.11899718525453651 
0.21802768855926508 0.222716363751598 0.0765896372279671 0.08113149799253333 0.10380036767788112 0.15160691600249182 0.11899718525453651 0.21215703688371534 
0.222716363751598 0.0765896372279671 0.08113149799253333 0.10380036767788112 0.15160691600249182 0.11899718525453651 0.21215703688371534 0.5349794199065121 
0.0765896372279671 0.08113149799253333 0.10380036767788112 0.15160691600249182 0.11899718525453651 0.21215703688371534 0.5349794199065121 0.00016478515553704998 
0.08113149799253333 0.10380036767788112 0.15160691600249182 0.11899718525453651 0.21215703688371534 0.5349794199065121 0.00016478515553704998 0.7887869879094709 
0.10380036767788112 0.15160691600249182 0.11899718525453651 0.21215703688371534 0.5349794199065121 0.00016478515553704998 0.7887869879094709 0.232155969871754 
0.15160691600249182 0.11899718525453651 0.21215703688371534 0.5349794199065121 0.00016478515553704998 0.7887869879094709 0.232155969871754 0.13303697677804907 
0.11899718525453651 0.21215703688371534 0.5349794199065121 0.00016478515553704998 0.7887869879094709 0.232155969871754 0.13303697677804907 0.16238606337970823 
0.21215703688371534 0.5349794199065121 0.00016478515553704998 0.7887869879094709 0.232155969871754 0.13303697677804907 0.16238606337970823 0.13561497394846173 
0.5349794199065121 0.00016478515553704998 0.7887869879094709 0.232155969871754 0.13303697677804907 0.16238606337970823 0.13561497394846173 0.16895211803879992 
0.00016478515553704998 0.7887869879094709 0.232155969871754 0.13303697677804907 0.16238606337970823 0.13561497394846173 0.16895211803879992 0.046474468128633505 
0.7887869879094709 0.232155969871754 0.13303697677804907 0.16238606337970823 0.13561497394846173 0.16895211803879992 0.046474468128633505 0.1466008649215004 
0.232155969871754 0.13303697677804907 0.16238606337970823 0.13561497394846173 0.16895211803879992 0.046474468128633505 0.1466008649215004 0.09949613769749248 
0.13303697677804907 0.16238606337970823 0.13561497394846173 0.16895211803879992 0.046474468128633505 0.1466008649215004 0.09949613769749248 0.023609605193540325 
0.16238606337970823 0.13561497394846173 0.16895211803879992 0.046474468128633505 0.1466008649215004 0.09949613769749248 0.023609605193540325 0.014020296492940272 
0.13561497394846173 0.16895211803879992 0.046474468128633505 0.1466008649215004 0.09949613769749248 0.023609605193540325 0.014020296492940272 0.005340755885714195 
0.16895211803879992 0.046474468128633505 0.1466008649215004 0.09949613769749248 0.023609605193540325 0.014020296492940272 0.005340755885714195 0.0024897480608261 
0.0003620620286945991 0.032397291073241546 0.0002885745883479887 0.03156165223192026 0.028552678500872262 0.02133053182523628 0.012735790589676539 0.015238294658161058 
0.032397291073241546 0.0002885745883479887 0.03156165223192026 0.028552678500872262 0.02133053182523628 0.012735790589676539 0.015238294658161058 0.004138883239608768 
0.0002885745883479887 0.03156165223192026 0.028552678500872262 0.02133053182523628 0.012735790589676539 0.015238294658161058 0.004138883239608768 0.02099606769990329 
0.03156165223192026 0.028552678500872262 0.02133053182523628 0.012735790589676539 0.015238294658161058 0.004138883239608768 0.02099606769990329 0.10316080231276847 
0.028552678500872262 0.02133053182523628 0.012735790589676539 0.015238294658161058 0.004138883239608768 0.02099606769990329 0.10316080231276847 0.1314831506376199 
0.02133053182523628 0.012735790589676539 0.015238294658161058 0.004138883239608768 0.02099606769990329 0.10316080231276847 0.1314831506376199 0.15585450609981857 
0.012735790589676539 0.015238294658161058 0.004138883239608768 0.02099606769990329 0.10316080231276847 0.1314831506376199 0.15585450609981857 0.17904789640196347 
0.015238294658161058 0.004138883239608768 0.02099606769990329 0.10316080231276847 0.1314831506376199 0.15585450609981857 0.17904789640196347 0.20629930166875055 
0.004138883239608768 0.02099606769990329 0.10316080231276847 0.1314831506376199 0.15585450609981857 0.17904789640196347 0.20629930166875055 0.3260536642835396 
0.02099606769990329 0.10316080231276847 0.1314831506376199 0.15585450609981857 0.17904789640196347 0.20629930166875055 0.3260536642835396 0.23055063834191153 
0.10316080231276847 0.1314831506376199 0.15585450609981857 0.17904789640196347 0.20629930166875055 0.3260536642835396 0.23055063834191153 0.27367661434697865 
0.1314831506376199 0.15585450609981857 0.17904789640196347 0.20629930166875055 0.3260536642835396 0.23055063834191153 0.27367661434697865 0.25587163444972466 
0.15585450609981857 0.17904789640196347 0.20629930166875055 0.3260536642835396 0.23055063834191153 0.27367661434697865 0.25587163444972466 0.20909166394899523 
0.17904789640196347 0.20629930166875055 0.3260536642835396 0.23055063834191153 0.27367661434697865 0.25587163444972466 0.20909166394899523 0.11729943283901798 
0.20629930166875055 0.3260536642835396 0.23055063834191153 0.27367661434697865 0.25587163444972466 0.20909166394899523 0.11729943283901798 0.16109193030085325 
0.3260536642835396 0.23055063834191153 0.27367661434697865 0.25587163444972466 0.20909166394899523 0.11729943283901798 0.16109193030085325 0.12289378457509859 
0.23055063834191153 0.27367661434697865 0.25587163444972466 0.20909166394899523 0.11729943283901798 0.16109193030085325 0.12289378457509859 0.023519510875298796 
0.27367661434697865 0.25587163444972466 0.20909166394899523 0.11729943283901798 0.16109193030085325 0.12289378457509859 0.023519510875298796 0.06823332904121755 
0.25587163444972466 0.20909166394899523 0.11729943283901798 0.16109193030085325 0.12289378457509859 0.023519510875298796 0.06823332904121755 0.0 
0.20909166394899523 0.11729943283901798 0.16109193030085325 0.12289378457509859 0.023519510875298796 0.06823332904121755 0.0 0.026272080829766262 
0.11729943283901798 0.16109193030085325 0.12289378457509859 0.023519510875298796 0.06823332904121755 0.0 0.026272080829766262 0.00016109473822706737 
0.16109193030085325 0.12289378457509859 0.023519510875298796 0.06823332904121755 0.0 0.026272080829766262 0.00016109473822706737 0.09099181168602732 
0.12289378457509859 0.023519510875298796 0.06823332904121755 0.0 0.026272080829766262 0.00016109473822706737 0.09099181168602732 0.04599599750174794 
0.023519510875298796 0.06823332904121755 0.0 0.026272080829766262 0.00016109473822706737 0.09099181168602732 0.04599599750174794 3.0486056038986852e-05 
0.00018973558561106288 0.08100104976327176 0.0002596930615742117 0.04269211129175436 0.033419616894569994 0.047448256939689355 0.042437793403218606 0.04294731167138599 
0.08100104976327176 0.0002596930615742117 0.04269211129175436 0.033419616894569994 0.047448256939689355 0.042437793403218606 0.04294731167138599 0.028636996513759037 
0.0002596930615742117 0.04269211129175436 0.033419616894569994 0.047448256939689355 0.042437793403218606 0.04294731167138599 0.028636996513759037 0.13556900418501344 
0.04269211129175436 0.033419616894569994 0.047448256939689355 0.042437793403218606 0.04294731167138599 0.028636996513759037 0.13556900418501344 0.117775576898469 
0.033419616894569994 0.047448256939689355 0.042437793403218606 0.04294731167138599 0.028636996513759037 0.13556900418501344 0.117775576898469 0.14978128260453608 
0.047448256939689355 0.042437793403218606 0.04294731167138599 0.028636996513759037 0.13556900418501344 0.117775576898469 0.14978128260453608 0.18301124413995826 
0.042437793403218606 0.04294731167138599 0.028636996513759037 0.13556900418501344 0.117775576898469 0.14978128260453608 0.18301124413995826 0.21117923674949646 
0.04294731167138599 0.028636996513759037 0.13556900418501344 0.117775576898469 0.14978128260453608 0.18301124413995826 0.21117923674949646 0.18143222689006527 
0.028636996513759037 0.13556900418501344 0.117775576898469 0.14978128260453608 0.18301124413995826 0.21117923674949646 0.18143222689006527 0.1401384628529413 
0.13556900418501344 0.117775576898469 0.14978128260453608 0.18301124413995826 0.21117923674949646 0.18143222689006527 0.1401384628529413 0.08907496079934439 
0.117775576898469 0.14978128260453608 0.18301124413995826 0.21117923674949646 0.18143222689006527 0.1401384628529413 0.08907496079934439 0.1453498134534163 
0.14978128260453608 0.18301124413995826 0.21117923674949646 0.18143222689006527 0.1401384628529413 0.08907496079934439 0.1453498134534163 0.10481683696739154 
0.18301124413995826 0.21117923674949646 0.18143222689006527 0.1401384628529413 0.08907496079934439 0.1453498134534163 0.10481683696739154 0.12486077700131933 
0.21117923674949646 0.18143222689006527 0.1401384628529413 0.08907496079934439 0.1453498134534163 0.10481683696739154 0.12486077700131933 0.12082370114358812 
0.18143222689006527 0.1401384628529413 0.08907496079934439 0.1453498134534163 0.10481683696739154 0.12486077700131933 0.12082370114358812 0.0825676319113594 
0.1401384628529413 0.08907496079934439 0.1453498134534163 0.10481683696739154 0.12486077700131933 0.12082370114358812 0.0825676319113594 0.10139237038311746 
0.08907496079934439 0.1453498134534163 0.10481683696739154 0.12486077700131933 0.12082370114358812 0.0825676319113594 0.10139237038311746 0.11273021485047993 
0.1453498134534163 0.10481683696739154 0.12486077700131933 0.12082370114358812 0.0825676319113594 0.10139237038311746 0.11273021485047993 0.29778282134810147 
0.10481683696739154 0.12486077700131933 0.12082370114358812 0.0825676319113594 0.10139237038311746 0.11273021485047993 0.29778282134810147 0.1978249803545448 
0.12486077700131933 0.12082370114358812 0.0825676319113594 0.10139237038311746 0.11273021485047993 0.29778282134810147 0.1978249803545448 0.33778076755064196 
0.12082370114358812 0.0825676319113594 0.10139237038311746 0.11273021485047993 0.29778282134810147 0.1978249803545448 0.33778076755064196 0.530153637688467 
0.0825676319113594 0.10139237038311746 0.11273021485047993 0.29778282134810147 0.1978249803545448 0.33778076755064196 0.530153637688467 0.0012293903230037751 
0.10139237038311746 0.11273021485047993 0.29778282134810147 0.1978249803545448 0.33778076755064196 0.530153637688467 0.0012293903230037751 0.07869526098270196 
0.11273021485047993 0.29778282134810147 0.1978249803545448 0.33778076755064196 0.530153637688467 0.0012293903230037751 0.07869526098270196 0.025524530645105 
0.29778282134810147 0.1978249803545448 0.33778076755064196 0.530153637688467 0.0012293903230037751 0.07869526098270196 0.025524530645105 0.0556068068945018 
0.00018821128280911356 0.07856328845063847 0.0001995232141288429 0.05267380762416148 0.03166715003110781 0.15660021107582484 0.18051628135902023 0.19933620624298268 
0.07856328845063847 0.0001995232141288429 0.05267380762416148 0.03166715003110781 0.15660021107582484 0.18051628135902023 0.19933620624298268 0.17067177227878857 
0.0001995232141288429 0.05267380762416148 0.03166715003110781 0.15660021107582484 0.18051628135902023 0.19933620624298268 0.17067177227878857 0.2365762073180173 
0.05267380762416148 0.03166715003110781 0.15660021107582484 0.18051628135902023 0.19933620624298268 0.17067177227878857 0.2365762073180173 0.13215111617072672 
0.03166715003110781 0.15660021107582484 0.18051628135902023 0.19933620624298268 0.17067177227878857 0.2365762073180173 0.13215111617072672 0.23770924565864524 
0.15660021107582484 0.18051628135902023 0.19933620624298268 0.17067177227878857 0.2365762073180173 0.13215111617072672 0.23770924565864524 0.1580645847097186 
0.18051628135902023 0.19933620624298268 0.17067177227878857 0.2365762073180173 0.13215111617072672 0.23770924565864524 0.1580645847097186 0.37508503002274823 
0.19933620624298268 0.17067177227878857 0.2365762073180173 0.13215111617072672 0.23770924565864524 0.1580645847097186 0.37508503002274823 0.17999569183892292 
0.17067177227878857 0.2365762073180173 0.13215111617072672 0.23770924565864524 0.1580645847097186 0.37508503002274823 0.17999569183892292 0.13600559659807704 
0.2365762073180173 0.13215111617072672 0.23770924565864524 0.1580645847097186 0.37508503002274823 0.17999569183892292 0.13600559659807704 0.3074189020767823 
0.13215111617072672 0.23770924565864524 0.1580645847097186 0.37508503002274823 0.17999569183892292 0.13600559659807704 0.3074189020767823 0.3516030651322553 
0.23770924565864524 0.1580645847097186 0.37508503002274823 0.17999569183892292 0.13600559659807704 0.3074189020767823 0.3516030651322553 0.04251761873416279 
0.1580645847097186 0.37508503002274823 0.17999569183892292 0.13600559659807704 0.3074189020767823 0.3516030651322553 0.04251761873416279 0.14290146224763262 
0.37508503002274823 0.17999569183892292 0.13600559659807704 0.3074189020767823 0.3516030651322553 0.04251761873416279 0.14290146224763262 0.05324341551331097 
0.17999569183892292 0.13600559659807704 0.3074189020767823 0.3516030651322553 0.04251761873416279 0.14290146224763262 0.05324341551331097 0.05448580252336295 
0.13600559659807704 0.3074189020767823 0.3516030651322553 0.04251761873416279 0.14290146224763262 0.05324341551331097 0.05448580252336295 9.707402054519498e-06 
0.3074189020767823 0.3516030651322553 0.04251761873416279 0.14290146224763262 0.05324341551331097 0.05448580252336295 9.707402054519498e-06 0.2227508611308 
0.3516030651322553 0.04251761873416279 0.14290146224763262 0.05324341551331097 0.05448580252336295 9.707402054519498e-06 0.2227508611308 0.00019270396475170112 
0.04251761873416279 0.14290146224763262 0.05324341551331097 0.05448580252336295 9.707402054519498e-06 0.2227508611308 0.00019270396475170112 0.02243910109456975 
0.14290146224763262 0.05324341551331097 0.05448580252336295 9.707402054519498e-06 0.2227508611308 0.00019270396475170112 0.02243910109456975 3.77866641956916e-05 
0.05324341551331097 0.05448580252336295 9.707402054519498e-06 0.2227508611308 0.00019270396475170112 0.02243910109456975 3.77866641956916e-05 0.006331552706981267 
0.05448580252336295 9.707402054519498e-06 0.2227508611308 0.00019270396475170112 0.02243910109456975 3.77866641956916e-05 0.006331552706981267 0.01565667566406452 
6.49032087777378e-05 0.04662368935029802 0.00019061807670692834 0.03954747461133287 0.03294539827023723 0.049923323557738784 0.06545131597473347 0.0817614361820547 
0.04662368935029802 0.00019061807670692834 0.03954747461133287 0.03294539827023723 0.049923323557738784 0.06545131597473347 0.0817614361820547 0.06656205135857497 
0.00019061807670692834 0.03954747461133287 0.03294539827023723 0.049923323557738784 0.06545131597473347 0.0817614361820547 0.06656205135857497 0.06562957917609828 
0.03954747461133287 0.03294539827023723 0.049923323557738784 0.06545131597473347 0.0817614361820547 0.06656205135857497 0.06562957917609828 0.07023666405529529 
0.03294539827023723 0.049923323557738784 0.06545131597473347 0.0817614361820547 0.06656205135857497 0.06562957917609828 0.07023666405529529 0.21830535234860968 
0.049923323557738784 0.06545131597473347 0.0817614361820547 0.06656205135857497 0.06562957917609828 0.07023666405529529 0.21830535234860968 0.19394514836480417 
0.06545131597473347 0.0817614361820547 0.06656205135857497 0.06562957917609828 0.07023666405529529 0.21830535234860968 0.19394514836480417 0.26906752380620014 
0.0817614361820547 0.06656205135857497 0.06562957917609828 0.07023666405529529 0.21830535234860968 0.19394514836480417 0.26906752380620014 0.24475569637974073 
0.06656205135857497 0.06562957917609828 0.07023666405529529 0.21830535234860968 0.19394514836480417 0.26906752380620014 0.24475569637974073 0.147683601269664 
0.06562957917609828 0.07023666405529529 0.21830535234860968 0.19394514836480417 0.26906752380620014 0.24475569637974073 0.147683601269664 0.2916897016899303 
0.07023666405529529 0.21830535234860968 0.19394514836480417 0.26906752380620014 0.24475569637974073 0.147683601269664 0.2916897016899303 0.5458588503628041 
0.21830535234860968 0.19394514836480417 0.26906752380620014 0.24475569637974073 0.147683601269664 0.2916897016899303 0.5458588503628041 0.09370595316459301 
0.19394514836480417 0.26906752380620014 0.24475569637974073 0.147683601269664 0.2916897016899303 0.5458588503628041 0.09370595316459301 0.3595257492850819 
0.26906752380620014 0.24475569637974073 0.147683601269664 0.2916897016899303 0.5458588503628041 0.09370595316459301 0.3595257492850819 0.14231372317778626 
0.24475569637974073 0.147683601269664 0.2916897016899303 0.5458588503628041 0.09370595316459301 0.3595257492850819 0.14231372317778626 0.12720972761912325 
0.147683601269664 0.2916897016899303 0.5458588503628041 0.09370595316459301 0.3595257492850819 0.14231372317778626 0.12720972761912325 0.00018476154488891242 
0.2916897016899303 0.5458588503628041 0.09370595316459301 0.3595257492850819 0.14231372317778626 0.12720972761912325 0.00018476154488891242 0.17602327851057967 
0.5458588503628041 0.09370595316459301 0.3595257492850819 0.14231372317778626 0.12720972761912325 0.00018476154488891242 0.17602327851057967 0.12417869161067863 
0.09370595316459301 0.3595257492850819 0.14231372317778626 0.12720972761912325 0.00018476154488891242 0.17602327851057967 0.12417869161067863 0.00048761644369726867 
0.3595257492850819 0.14231372317778626 0.12720972761912325 0.00018476154488891242 0.17602327851057967 0.12417869161067863 0.00048761644369726867 0.02572349227399102 
0.00023490308442671975 0.0414310315157627 0.0001898960385375839 0.03165776353490633 0.000333822313626906 0.038326267387581665 8.80886566600199e-05 0.029446962886836965 
0.0414310315157627 0.0001898960385375839 0.03165776353490633 0.000333822313626906 0.038326267387581665 8.80886566600199e-05 0.029446962886836965 0.16999795021386369 
0.0001898960385375839 0.03165776353490633 0.000333822313626906 0.038326267387581665 8.80886566600199e-05 0.029446962886836965 0.16999795021386369 7.822080167897942e-05 
0.03165776353490633 0.000333822313626906 0.038326267387581665 8.80886566600199e-05 0.029446962886836965 0.16999795021386369 7.822080167897942e-05 0.1671284903024257 
0.000333822313626906 0.038326267387581665 8.80886566600199e-05 0.029446962886836965 0.16999795021386369 7.822080167897942e-05 0.1671284903024257 0.17790787835903188 
0.038326267387581665 8.80886566600199e-05 0.029446962886836965 0.16999795021386369 7.822080167897942e-05 0.1671284903024257 0.17790787835903188 5.503535379669732e-05 
8.80886566600199e-05 0.029446962886836965 0.16999795021386369 7.822080167897942e-05 0.1671284903024257 0.17790787835903188 5.503535379669732e-05 0.2391631898523151 
0.029446962886836965 0.16999795021386369 7.822080167897942e-05 0.1671284903024257 0.17790787835903188 5.503535379669732e-05 0.2391631898523151 2.7999035677911608e-05 
0.16999795021386369 7.822080167897942e-05 0.1671284903024257 0.17790787835903188 5.503535379669732e-05 0.2391631898523151 2.7999035677911608e-05 0.20117844651883338 
7.822080167897942e-05 0.1671284903024257 0.17790787835903188 5.503535379669732e-05 0.2391631898523151 2.7999035677911608e-05 0.20117844651883338 0.19718084208102632 
0.1671284903024257 0.17790787835903188 5.503535379669732e-05 0.2391631898523151 2.7999035677911608e-05 0.20117844651883338 0.19718084208102632 9.169884750674203e-05 
0.17790787835903188 5.503535379669732e-05 0.2391631898523151 2.7999035677911608e-05 0.20117844651883338 0.19718084208102632 9.169884750674203e-05 0.24295653771466094 
5.503535379669732e-05 0.2391631898523151 2.7999035677911608e-05 0.20117844651883338 0.19718084208102632 9.169884750674203e-05 0.24295653771466094 0.2393427366770921 
0.2391631898523151 2.7999035677911608e-05 0.20117844651883338 0.19718084208102632 9.169884750674203e-05 0.24295653771466094 0.2393427366770921 9.081635641087663e-05 
2.7999035677911608e-05 0.20117844651883338 0.19718084208102632 9.169884750674203e-05 0.24295653771466094 0.2393427366770921 9.081635641087663e-05 0.17673737426006128 
0.20117844651883338 0.19718084208102632 9.169884750674203e-05 0.24295653771466094 0.2393427366770921 9.081635641087663e-05 0.17673737426006128 3.554032322439783e-05 
0.19718084208102632 9.169884750674203e-05 0.24295653771466094 0.2393427366770921 9.081635641087663e-05 0.17673737426006128 3.554032322439783e-05 0.10610703894954678 
9.169884750674203e-05 0.24295653771466094 0.2393427366770921 9.081635641087663e-05 0.17673737426006128 3.554032322439783e-05 0.10610703894954678 0.05200632344983419 
0.24295653771466094 0.2393427366770921 9.081635641087663e-05 0.17673737426006128 3.554032322439783e-05 0.10610703894954678 0.05200632344983419 0.00042343527308887524 
0.2393427366770921 9.081635641087663e-05 0.17673737426006128 3.554032322439783e-05 0.10610703894954678 0.05200632344983419 0.00042343527308887524 0.02254211187339622 
9.081635641087663e-05 0.17673737426006128 3.554032322439783e-05 0.10610703894954678 0.05200632344983419 0.00042343527308887524 0.02254211187339622 0.09039998106655467 
0.17673737426006128 3.554032322439783e-05 0.10610703894954678 0.05200632344983419 0.00042343527308887524 0.02254211187339622 0.09039998106655467 0.00020072661107775028 
3.554032322439783e-05 0.10610703894954678 0.05200632344983419 0.00042343527308887524 0.02254211187339622 0.09039998106655467 0.00020072661107775028 0.03574433912046926 
0.10610703894954678 0.05200632344983419 0.00042343527308887524 0.02254211187339622 0.09039998106655467 0.00020072661107775028 0.03574433912046926 0.03584967646673028 
0.05200632344983419 0.00042343527308887524 0.02254211187339622 0.09039998106655467 0.00020072661107775028 0.03574433912046926 0.03584967646673028 0.00022399228542329286 
0.0004767056446938418 0.00776953183446232 7.565355485464369e-05 0.03723831631930613 0.04819845459763821 0.08850198339873795 0.11585423332984347 0.16331773329755234 
0.00776953183446232 7.565355485464369e-05 0.03723831631930613 0.04819845459763821 0.08850198339873795 0.11585423332984347 0.16331773329755234 0.15488873993508878 
7.565355485464369e-05 0.03723831631930613 0.04819845459763821 0.08850198339873795 0.11585423332984347 0.16331773329755234 0.15488873993508878 0.19009917194255946 
0.03723831631930613 0.04819845459763821 0.08850198339873795 0.11585423332984347 0.16331773329755234 0.15488873993508878 0.19009917194255946 0.2521240958979006 
0.04819845459763821 0.08850198339873795 0.11585423332984347 0.16331773329755234 0.15488873993508878 0.19009917194255946 0.2521240958979006 0.26882259241386586 
0.08850198339873795 0.11585423332984347 0.16331773329755234 0.15488873993508878 0.19009917194255946 0.2521240958979006 0.26882259241386586 2.9282659090079475e-05 
0.11585423332984347 0.16331773329755234 0.15488873993508878 0.19009917194255946 0.2521240958979006 0.26882259241386586 2.9282659090079475e-05 0.1666494580902973 
0.16331773329755234 0.15488873993508878 0.19009917194255946 0.2521240958979006 0.26882259241386586 2.9282659090079475e-05 0.1666494580902973 6.0490753298410756e-05 
0.15488873993508878 0.19009917194255946 0.2521240958979006 0.26882259241386586 2.9282659090079475e-05 0.1666494580902973 6.0490753298410756e-05 0.21088681129091197 
0.19009917194255946 0.2521240958979006 0.26882259241386586 2.9282659090079475e-05 0.1666494580902973 6.0490753298410756e-05 0.21088681129091197 0.12445106045344799 
0.2521240958979006 0.26882259241386586 2.9282659090079475e-05 0.1666494580902973 6.0490753298410756e-05 0.21088681129091197 0.12445106045344799 0.09370362659715845 
0.26882259241386586 2.9282659090079475e-05 0.1666494580902973 6.0490753298410756e-05 0.21088681129091197 0.12445106045344799 0.09370362659715845 0.3031057669589718 
2.9282659090079475e-05 0.1666494580902973 6.0490753298410756e-05 0.21088681129091197 0.12445106045344799 0.09370362659715845 0.3031057669589718 0.24576679049621272 
0.1666494580902973 6.0490753298410756e-05 0.21088681129091197 0.12445106045344799 0.09370362659715845 0.3031057669589718 0.24576679049621272 0.340386924209659 
6.0490753298410756e-05 0.21088681129091197 0.12445106045344799 0.09370362659715845 0.3031057669589718 0.24576679049621272 0.340386924209659 0.22877618942751599 
0.21088681129091197 0.12445106045344799 0.09370362659715845 0.3031057669589718 0.24576679049621272 0.340386924209659 0.22877618942751599 0.22757824787811032 
0.12445106045344799 0.09370362659715845 0.3031057669589718 0.24576679049621272 0.340386924209659 0.22877618942751599 0.22757824787811032 0.2049024787169221 
0.09370362659715845 0.3031057669589718 0.24576679049621272 0.340386924209659 0.22877618942751599 0.22757824787811032 0.2049024787169221 0.16794920702158053 
0.3031057669589718 0.24576679049621272 0.340386924209659 0.22877618942751599 0.22757824787811032 0.2049024787169221 0.16794920702158053 0.2585008161036975 
0.24576679049621272 0.340386924209659 0.22877618942751599 0.22757824787811032 0.2049024787169221 0.16794920702158053 0.2585008161036975 0.19611350921380874 
0.340386924209659 0.22877618942751599 0.22757824787811032 0.2049024787169221 0.16794920702158053 0.2585008161036975 0.19611350921380874 0.24686115968154906 
0.22877618942751599 0.22757824787811032 0.2049024787169221 0.16794920702158053 0.2585008161036975 0.19611350921380874 0.24686115968154906 0.20210867236033875 
0.22757824787811032 0.2049024787169221 0.16794920702158053 0.2585008161036975 0.19611350921380874 0.24686115968154906 0.20210867236033875 0.251092784712687 
0.2049024787169221 0.16794920702158053 0.2585008161036975 0.19611350921380874 0.24686115968154906 0.20210867236033875 0.251092784712687 0.1791513885395695 
0.16794920702158053 0.2585008161036975 0.19611350921380874 0.24686115968154906 0.20210867236033875 0.251092784712687 0.1791513885395695 0.15018426012949354 
0.2585008161036975 0.19611350921380874 0.24686115968154906 0.20210867236033875 0.251092784712687 0.1791513885395695 0.15018426012949354 0.2838709108070261 
0.19611350921380874 0.24686115968154906 0.20210867236033875 0.251092784712687 0.1791513885395695 0.15018426012949354 0.2838709108070261 0.27394240461976066 
0.24686115968154906 0.20210867236033875 0.251092784712687 0.1791513885395695 0.15018426012949354 0.2838709108070261 0.27394240461976066 0.2959900005736192 
0.20210867236033875 0.251092784712687 0.1791513885395695 0.15018426012949354 0.2838709108070261 0.27394240461976066 0.2959900005736192 0.3054839200094025 
0.251092784712687 0.1791513885395695 0.15018426012949354 0.2838709108070261 0.27394240461976066 0.2959900005736192 0.3054839200094025 0.3760749443529194 
0.1791513885395695 0.15018426012949354 0.2838709108070261 0.27394240461976066 0.2959900005736192 0.3054839200094025 0.3760749443529194 0.21787991141393925 
0.15018426012949354 0.2838709108070261 0.27394240461976066 0.2959900005736192 0.3054839200094025 0.3760749443529194 0.21787991141393925 0.2015400271887484 
0.2838709108070261 0.27394240461976066 0.2959900005736192 0.3054839200094025 0.3760749443529194 0.21787991141393925 0.2015400271887484 0.2745533291374893 
0.27394240461976066 0.2959900005736192 0.3054839200094025 0.3760749443529194 0.21787991141393925 0.2015400271887484 0.2745533291374893 0.2986103573166334 
0.2959900005736192 0.3054839200094025 0.3760749443529194 0.21787991141393925 0.2015400271887484 0.2745533291374893 0.2986103573166334 0.29489707546462157 
0.3054839200094025 0.3760749443529194 0.21787991141393925 0.2015400271887484 0.2745533291374893 0.2986103573166334 0.29489707546462157 0.2575765270204734 
0.3760749443529194 0.21787991141393925 0.2015400271887484 0.2745533291374893 0.2986103573166334 0.29489707546462157 0.2575765270204734 0.3453389828808761 
0.21787991141393925 0.2015400271887484 0.2745533291374893 0.2986103573166334 0.29489707546462157 0.2575765270204734 0.3453389828808761 1.789050130708965e-05 
0.2015400271887484 0.2745533291374893 0.2986103573166334 0.29489707546462157 0.2575765270204734 0.3453389828808761 1.789050130708965e-05 0.37815674084806594 
0.2745533291374893 0.2986103573166334 0.29489707546462157 0.2575765270204734 0.3453389828808761 1.789050130708965e-05 0.37815674084806594 0.2022793942741571 
0.2986103573166334 0.29489707546462157 0.2575765270204734 0.3453389828808761 1.789050130708965e-05 0.37815674084806594 0.2022793942741571 0.1209768534619524 
0.29489707546462157 0.2575765270204734 0.3453389828808761 1.789050130708965e-05 0.37815674084806594 0.2022793942741571 0.1209768534619524 0.14295256650472957 
0.2575765270204734 0.3453389828808761 1.789050130708965e-05 0.37815674084806594 0.2022793942741571 0.1209768534619524 0.14295256650472957 0.33973989778346314 
0.3453389828808761 1.789050130708965e-05 0.37815674084806594 0.2022793942741571 0.1209768534619524 0.14295256650472957 0.33973989778346314 0.30880898600569684 
1.789050130708965e-05 0.37815674084806594 0.2022793942741571 0.1209768534619524 0.14295256650472957 0.33973989778346314 0.30880898600569684 0.2939548958800903 
0.37815674084806594 0.2022793942741571 0.1209768534619524 0.14295256650472957 0.33973989778346314 0.30880898600569684 0.2939548958800903 0.18940753960279078 
0.2022793942741571 0.1209768534619524 0.14295256650472957 0.33973989778346314 0.30880898600569684 0.2939548958800903 0.18940753960279078 0.21878157663452394 
0.1209768534619524 0.14295256650472957 0.33973989778346314 0.30880898600569684 0.2939548958800903 0.18940753960279078 0.21878157663452394 0.16542279546704436 
0.14295256650472957 0.33973989778346314 0.30880898600569684 0.2939548958800903 0.18940753960279078 0.21878157663452394 0.16542279546704436 0.18620481896296867 
0.33973989778346314 0.30880898600569684 0.2939548958800903 0.18940753960279078 0.21878157663452394 0.16542279546704436 0.18620481896296867 0.09878926232970428 
0.30880898600569684 0.2939548958800903 0.18940753960279078 0.21878157663452394 0.16542279546704436 0.18620481896296867 0.09878926232970428 0.1429461483876687 
0.2939548958800903 0.18940753960279078 0.21878157663452394 0.16542279546704436 0.18620481896296867 0.09878926232970428 0.1429461483876687 0.0737890116220066 
0.18940753960279078 0.21878157663452394 0.16542279546704436 0.18620481896296867 0.09878926232970428 0.1429461483876687 0.0737890116220066 0.12796818860278794 
0.21878157663452394 0.16542279546704436 0.18620481896296867 0.09878926232970428 0.1429461483876687 0.0737890116220066 0.12796818860278794 0.12572256966966353 
0.16542279546704436 0.18620481896296867 0.09878926232970428 0.1429461483876687 0.0737890116220066 0.12796818860278794 0.12572256966966353 0.13640600687621016 
0.18620481896296867 0.09878926232970428 0.1429461483876687 0.0737890116220066 0.12796818860278794 0.12572256966966353 0.13640600687621016 0.16782349215365133 
0.09878926232970428 0.1429461483876687 0.0737890116220066 0.12796818860278794 0.12572256966966353 0.13640600687621016 0.16782349215365133 0.6504239366884843 
0.1429461483876687 0.0737890116220066 0.12796818860278794 0.12572256966966353 0.13640600687621016 0.16782349215365133 0.6504239366884843 0.05477694435853527 
0.0737890116220066 0.12796818860278794 0.12572256966966353 0.13640600687621016 0.16782349215365133 0.6504239366884843 0.05477694435853527 0.1641911588030693 
0.12796818860278794 0.12572256966966353 0.13640600687621016 0.16782349215365133 0.6504239366884843 0.05477694435853527 0.1641911588030693 9.370450908825432e-05 
0.00015844726493947114 0.07369330145133683 6.177437671057862e-05 0.04144073891781721 0.08055202224840279 0.10540930939857028 0.11519549384001158 0.1846582132042329 
0.07369330145133683 6.177437671057862e-05 0.04144073891781721 0.08055202224840279 0.10540930939857028 0.11519549384001158 0.1846582132042329 0.14086812253629546 
6.177437671057862e-05 0.04144073891781721 0.08055202224840279 0.10540930939857028 0.11519549384001158 0.1846582132042329 0.14086812253629546 0.19121367797017422 
0.04144073891781721 0.08055202224840279 0.10540930939857028 0.11519549384001158 0.1846582132042329 0.14086812253629546 0.19121367797017422 0.18359088033701534 
0.08055202224840279 0.10540930939857028 0.11519549384001158 0.1846582132042329 0.14086812253629546 0.19121367797017422 0.18359088033701534 0.27011841024844935 
0.10540930939857028 0.11519549384001158 0.1846582132042329 0.14086812253629546 0.19121367797017422 0.18359088033701534 0.27011841024844935 0.24232130457856438 
0.11519549384001158 0.1846582132042329 0.14086812253629546 0.19121367797017422 0.18359088033701534 0.27011841024844935 0.24232130457856438 0.23299898954769524 
0.1846582132042329 0.14086812253629546 0.19121367797017422 0.18359088033701534 0.27011841024844935 0.24232130457856438 0.23299898954769524 0.1979831869400945 
0.14086812253629546 0.19121367797017422 0.18359088033701534 0.27011841024844935 0.24232130457856438 0.23299898954769524 0.1979831869400945 0.16802798940850233 
0.19121367797017422 0.18359088033701534 0.27011841024844935 0.24232130457856438 0.23299898954769524 0.1979831869400945 0.16802798940850233 0.189992470746423 
0.18359088033701534 0.27011841024844935 0.24232130457856438 0.23299898954769524 0.1979831869400945 0.16802798940850233 0.189992470746423 0.34505794958007463 
0.27011841024844935 0.24232130457856438 0.23299898954769524 0.1979831869400945 0.16802798940850233 0.189992470746423 0.34505794958007463 3.120809420833128e-05 
0.24232130457856438 0.23299898954769524 0.1979831869400945 0.16802798940850233 0.189992470746423 0.34505794958007463 3.120809420833128e-05 0.2230467363273047 
0.23299898954769524 0.1979831869400945 0.16802798940850233 0.189992470746423 0.34505794958007463 3.120809420833128e-05 0.2230467363273047 0.25497534440217845 
0.1979831869400945 0.16802798940850233 0.189992470746423 0.34505794958007463 3.120809420833128e-05 0.2230467363273047 0.25497534440217845 0.18633534741869348 
0.16802798940850233 0.189992470746423 0.34505794958007463 3.120809420833128e-05 0.2230467363273047 0.25497534440217845 0.18633534741869348 0.1481482729448688 
0.189992470746423 0.34505794958007463 3.120809420833128e-05 0.2230467363273047 0.25497534440217845 0.18633534741869348 0.1481482729448688 0.08697374950008885 
0.34505794958007463 3.120809420833128e-05 0.2230467363273047 0.25497534440217845 0.18633534741869348 0.1481482729448688 0.08697374950008885 0.25923633231886967 
3.120809420833128e-05 0.2230467363273047 0.25497534440217845 0.18633534741869348 0.1481482729448688 0.08697374950008885 0.25923633231886967 0.22771182493943906 
0.2230467363273047 0.25497534440217845 0.18633534741869348 0.1481482729448688 0.08697374950008885 0.25923633231886967 0.22771182493943906 0.2214898615812716 
0.25497534440217845 0.18633534741869348 0.1481482729448688 0.08697374950008885 0.25923633231886967 0.22771182493943906 0.2214898615812716 0.16006783949733305 
0.18633534741869348 0.1481482729448688 0.08697374950008885 0.25923633231886967 0.22771182493943906 0.2214898615812716 0.16006783949733305 0.11035494995272656 
0.1481482729448688 0.08697374950008885 0.25923633231886967 0.22771182493943906 0.2214898615812716 0.16006783949733305 0.11035494995272656 0.15343648049714737 
0.08697374950008885 0.25923633231886967 0.22771182493943906 0.2214898615812716 0.16006783949733305 0.11035494995272656 0.15343648049714737 0.08948387508258311 
0.25923633231886967 0.22771182493943906 0.2214898615812716 0.16006783949733305 0.11035494995272656 0.15343648049714737 0.08948387508258311 0.14192671071901766 
0.22771182493943906 0.2214898615812716 0.16006783949733305 0.11035494995272656 0.15343648049714737 0.08948387508258311 0.14192671071901766 0.14354511916237156 
0.2214898615812716 0.16006783949733305 0.11035494995272656 0.15343648049714737 0.08948387508258311 0.14192671071901766 0.14354511916237156 0.2539102578759322 
0.16006783949733305 0.11035494995272656 0.15343648049714737 0.08948387508258311 0.14192671071901766 0.14354511916237156 0.2539102578759322 0.20514412082426273 
0.11035494995272656 0.15343648049714737 0.08948387508258311 0.14192671071901766 0.14354511916237156 0.2539102578759322 0.20514412082426273 0.2252928366192087 
0.15343648049714737 0.08948387508258311 0.14192671071901766 0.14354511916237156 0.2539102578759322 0.20514412082426273 0.2252928366192087 0.12603745853796094 
0.08948387508258311 0.14192671071901766 0.14354511916237156 0.2539102578759322 0.20514412082426273 0.2252928366192087 0.12603745853796094 0.3842653442136463 
0.14192671071901766 0.14354511916237156 0.2539102578759322 0.20514412082426273 0.2252928366192087 0.12603745853796094 0.3842653442136463 0.17948448881502704 
0.14354511916237156 0.2539102578759322 0.20514412082426273 0.2252928366192087 0.12603745853796094 0.3842653442136463 0.17948448881502704 0.22188120626905627 
0.2539102578759322 0.20514412082426273 0.2252928366192087 0.12603745853796094 0.3842653442136463 0.17948448881502704 0.22188120626905627 0.1705056232733761 
0.20514412082426273 0.2252928366192087 0.12603745853796094 0.3842653442136463 0.17948448881502704 0.22188120626905627 0.1705056232733761 0.21640286199885037 
0.2252928366192087 0.12603745853796094 0.3842653442136463 0.17948448881502704 0.22188120626905627 0.1705056232733761 0.21640286199885037 0.11596719219011425 
0.12603745853796094 0.3842653442136463 0.17948448881502704 0.22188120626905627 0.1705056232733761 0.21640286199885037 0.11596719219011425 0.363945906504882 
0.00038099547402407517 0.07365848316628178 0.00023016972309435074 0.2765866688488265 0.1849824885687318 0.14720753743667625 0.10947703176526699 0.13232424487844288 
0.07365848316628178 0.00023016972309435074 0.2765866688488265 0.1849824885687318 0.14720753743667625 0.10947703176526699 0.13232424487844288 0.08701715201671277 
0.00023016972309435074 0.2765866688488265 0.1849824885687318 0.14720753743667625 0.10947703176526699 0.13232424487844288 0.08701715201671277 0.23453388224279495 
0.2765866688488265 0.1849824885687318 0.14720753743667625 0.10947703176526699 0.13232424487844288 0.08701715201671277 0.23453388224279495 0.20427767502104943 
0.1849824885687318 0.14720753743667625 0.10947703176526699 0.13232424487844288 0.08701715201671277 0.23453388224279495 0.20427767502104943 0.23456043720213418 
0.14720753743667625 0.10947703176526699 0.13232424487844288 0.08701715201671277 0.23453388224279495 0.20427767502104943 0.23456043720213418 0.33484102925738773 
0.10947703176526699 0.13232424487844288 0.08701715201671277 0.23453388224279495 0.20427767502104943 0.23456043720213418 0.33484102925738773 0.1152257392166608 
0.13232424487844288 0.08701715201671277 0.23453388224279495 0.20427767502104943 0.23456043720213418 0.33484102925738773 0.1152257392166608 0.5064010689373964 
0.08701715201671277 0.23453388224279495 0.20427767502104943 0.23456043720213418 0.33484102925738773 0.1152257392166608 0.5064010689373964 0.14331174038074676 
0.23453388224279495 0.20427767502104943 0.23456043720213418 0.33484102925738773 0.1152257392166608 0.5064010689373964 0.14331174038074676 2.0297295204904405e-05 
0.20427767502104943 0.23456043720213418 0.33484102925738773 0.1152257392166608 0.5064010689373964 0.14331174038074676 2.0297295204904405e-05 0.2731877142798692 
0.23456043720213418 0.33484102925738773 0.1152257392166608 0.5064010689373964 0.14331174038074676 2.0297295204904405e-05 0.2731877142798692 0.27192960288301815 
0.33484102925738773 0.1152257392166608 0.5064010689373964 0.14331174038074676 2.0297295204904405e-05 0.2731877142798692 0.27192960288301815 0.18636791936277725 
0.1152257392166608 0.5064010689373964 0.14331174038074676 2.0297295204904405e-05 0.2731877142798692 0.27192960288301815 0.18636791936277725 0.6654020569262915 
0.5064010689373964 0.14331174038074676 2.0297295204904405e-05 0.2731877142798692 0.27192960288301815 0.18636791936277725 0.6654020569262915 0.10433740362294684 
0.14331174038074676 2.0297295204904405e-05 0.2731877142798692 0.27192960288301815 0.18636791936277725 0.6654020569262915 0.10433740362294684 0.1962021594557116 
2.0297295204904405e-05 0.2731877142798692 0.27192960288301815 0.18636791936277725 0.6654020569262915 0.10433740362294684 0.1962021594557116 0.19591711483174706 
0.2731877142798692 0.27192960288301815 0.18636791936277725 0.6654020569262915 0.10433740362294684 0.1962021594557116 0.19591711483174706 0.3097730674146982 
0.27192960288301815 0.18636791936277725 0.6654020569262915 0.10433740362294684 0.1962021594557116 0.19591711483174706 0.3097730674146982 0.28684394308253336 
0.18636791936277725 0.6654020569262915 0.10433740362294684 0.1962021594557116 0.19591711483174706 0.3097730674146982 0.28684394308253336 3.393579395918799e-05 
0.6654020569262915 0.10433740362294684 0.1962021594557116 0.19591711483174706 0.3097730674146982 0.28684394308253336 3.393579395918799e-05 0.0748244143568465 
0.10433740362294684 0.1962021594557116 0.19591711483174706 0.3097730674146982 0.28684394308253336 3.393579395918799e-05 0.0748244143568465 0.04846986072284846 
0.1962021594557116 0.19591711483174706 0.3097730674146982 0.28684394308253336 3.393579395918799e-05 0.0748244143568465 0.04846986072284846 0.07508707579756137 
0.19591711483174706 0.3097730674146982 0.28684394308253336 3.393579395918799e-05 0.0748244143568465 0.04846986072284846 0.07508707579756137 0.10746880293693037 
0.3097730674146982 0.28684394308253336 3.393579395918799e-05 0.0748244143568465 0.04846986072284846 0.07508707579756137 0.10746880293693037 0.0005987300953130497 
0.28684394308253336 3.393579395918799e-05 0.0748244143568465 0.04846986072284846 0.07508707579756137 0.10746880293693037 0.0005987300953130497 0.2518180319405618 
3.393579395918799e-05 0.0748244143568465 0.04846986072284846 0.07508707579756137 0.10746880293693037 0.0005987300953130497 0.2518180319405618 0.1639432590315944 
0.0748244143568465 0.04846986072284846 0.07508707579756137 0.10746880293693037 0.0005987300953130497 0.2518180319405618 0.1639432590315944 0.00010052375846539612 
0.00043217995758426886 0.030571416995896016 0.0002779044687343433 0.12612137541853144 0.13709691717780953 0.14701322894265934 0.149035016043287 0.08495164149360816 
0.030571416995896016 0.0002779044687343433 0.12612137541853144 0.13709691717780953 0.14701322894265934 0.149035016043287 0.08495164149360816 0.11273559002351838 
0.0002779044687343433 0.12612137541853144 0.13709691717780953 0.14701322894265934 0.149035016043287 0.08495164149360816 0.11273559002351838 0.16775947143596948 
0.12612137541853144 0.13709691717780953 0.14701322894265934 0.149035016043287 0.08495164149360816 0.11273559002351838 0.16775947143596948 0.07605669283252767 
0.13709691717780953 0.14701322894265934 0.149035016043287 0.08495164149360816 0.11273559002351838 0.16775947143596948 0.07605669283252767 0.07711993415011895 
0.14701322894265934 0.149035016043287 0.08495164149360816 0.11273559002351838 0.16775947143596948 0.07605669283252767 0.07711993415011895 0.05066309177546378 
0.149035016043287 0.08495164149360816 0.11273559002351838 0.16775947143596948 0.07605669283252767 0.07711993415011895 0.05066309177546378 0.45505934150921223 
0.08495164149360816 0.11273559002351838 0.16775947143596948 0.07605669283252767 0.07711993415011895 0.05066309177546378 0.45505934150921223 3.10476412818103e-05 
0.11273559002351838 0.16775947143596948 0.07605669283252767 0.07711993415011895 0.05066309177546378 0.45505934150921223 3.10476412818103e-05 0.22570022659964548 
0.16775947143596948 0.07605669283252767 0.07711993415011895 0.05066309177546378 0.45505934150921223 3.10476412818103e-05 0.22570022659964548 0.10734886437435592 
0.07605669283252767 0.07711993415011895 0.05066309177546378 0.45505934150921223 3.10476412818103e-05 0.22570022659964548 0.10734886437435592 0.11991561780594262 
0.07711993415011895 0.05066309177546378 0.45505934150921223 3.10476412818103e-05 0.22570022659964548 0.10734886437435592 0.11991561780594262 0.0001064605167466725 
0.05066309177546378 0.45505934150921223 3.10476412818103e-05 0.22570022659964548 0.10734886437435592 0.11991561780594262 0.0001064605167466725 0.0794749819791307 
0.45505934150921223 3.10476412818103e-05 0.22570022659964548 0.10734886437435592 0.11991561780594262 0.0001064605167466725 0.0794749819791307 0.0 
3.10476412818103e-05 0.22570022659964548 0.10734886437435592 0.11991561780594262 0.0001064605167466725 0.0794749819791307 0.0 0.18277505743211936 
0.22570022659964548 0.10734886437435592 0.11991561780594262 0.0001064605167466725 0.0794749819791307 0.0 0.18277505743211936 0.23555941712265382 
0.10734886437435592 0.11991561780594262 0.0001064605167466725 0.0794749819791307 0.0 0.18277505743211936 0.23555941712265382 0.0 
0.11991561780594262 0.0001064605167466725 0.0794749819791307 0.0 0.18277505743211936 0.23555941712265382 0.0 0.062124244316857626 
0.0001064605167466725 0.0794749819791307 0.0 0.18277505743211936 0.23555941712265382 0.0 0.062124244316857626 0.02451808966350213 
0.0794749819791307 0.0 0.18277505743211936 0.23555941712265382 0.0 0.062124244316857626 0.02451808966350213 2.567246824335735e-06 
0.0 0.18277505743211936 0.23555941712265382 0.0 0.062124244316857626 0.02451808966350213 2.567246824335735e-06 0.04259255025084809 
0.18277505743211936 0.23555941712265382 0.0 0.062124244316857626 0.02451808966350213 2.567246824335735e-06 0.04259255025084809 0.003273239701028062 
0.23555941712265382 0.0 0.062124244316857626 0.02451808966350213 2.567246824335735e-06 0.04259255025084809 0.003273239701028062 0.009381040801975818 
0.0 0.062124244316857626 0.02451808966350213 2.567246824335735e-06 0.04259255025084809 0.003273239701028062 0.009381040801975818 0.09098338790738496 
0.062124244316857626 0.02451808966350213 2.567246824335735e-06 0.04259255025084809 0.003273239701028062 0.009381040801975818 0.09098338790738496 6.09721120779737e-06 
0.02451808966350213 2.567246824335735e-06 0.04259255025084809 0.003273239701028062 0.009381040801975818 0.09098338790738496 6.09721120779737e-06 0.01253209559945815 
2.567246824335735e-06 0.04259255025084809 0.003273239701028062 0.009381040801975818 0.09098338790738496 6.09721120779737e-06 0.01253209559945815 0.07935865360740298 
0.00017112304613462883 0.055942313963857175 0.00027429427788762113 0.0635796325868662 0.07018732478039008 0.04244236631162446 0.00018042931587284588 0.06806316871264205 
0.055942313963857175 0.00027429427788762113 0.0635796325868662 0.07018732478039008 0.04244236631162446 0.00018042931587284588 0.06806316871264205 0.031119845098744735 
0.00027429427788762113 0.0635796325868662 0.07018732478039008 0.04244236631162446 0.00018042931587284588 0.06806316871264205 0.031119845098744735 0.012445852151453121 
0.0635796325868662 0.07018732478039008 0.04244236631162446 0.00018042931587284588 0.06806316871264205 0.031119845098744735 0.012445852151453121 0.01576249436910511 
0.07018732478039008 0.04244236631162446 0.00018042931587284588 0.06806316871264205 0.031119845098744735 0.012445852151453121 0.01576249436910511 0.008367379438679505 
0.04244236631162446 0.00018042931587284588 0.06806316871264205 0.031119845098744735 0.012445852151453121 0.01576249436910511 0.008367379438679505 0.015301272431820542 
0.00018042931587284588 0.06806316871264205 0.031119845098744735 0.012445852151453121 0.01576249436910511 0.008367379438679505 0.015301272431820542 0.029642474777802783 
0.06806316871264205 0.031119845098744735 0.012445852151453121 0.01576249436910511 0.008367379438679505 0.015301272431820542 0.029642474777802783 0.0954153384172843 
0.031119845098744735 0.012445852151453121 0.01576249436910511 0.008367379438679505 0.015301272431820542 0.029642474777802783 0.0954153384172843 0.17793852486799738 
0.012445852151453121 0.01576249436910511 0.008367379438679505 0.015301272431820542 0.029642474777802783 0.0954153384172843 0.17793852486799738 0.0003735344129408494 
0.01576249436910511 0.008367379438679505 0.015301272431820542 0.029642474777802783 0.0954153384172843 0.17793852486799738 0.0003735344129408494 0.3208363769247833 
0.008367379438679505 0.015301272431820542 0.029642474777802783 0.0954153384172843 0.17793852486799738 0.0003735344129408494 0.3208363769247833 0.19840301202233665 
0.015301272431820542 0.029642474777802783 0.0954153384172843 0.17793852486799738 0.0003735344129408494 0.3208363769247833 0.19840301202233665 0.16534409330658584 
0.029642474777802783 0.0954153384172843 0.17793852486799738 0.0003735344129408494 0.3208363769247833 0.19840301202233665 0.16534409330658584 0.14470158363027152 
0.0954153384172843 0.17793852486799738 0.0003735344129408494 0.3208363769247833 0.19840301202233665 0.16534409330658584 0.14470158363027152 0.1437030048420682 
0.17793852486799738 0.0003735344129408494 0.3208363769247833 0.19840301202233665 0.16534409330658584 0.14470158363027152 0.1437030048420682 0.1790045741118028 
0.0003735344129408494 0.3208363769247833 0.19840301202233665 0.16534409330658584 0.14470158363027152 0.1437030048420682 0.1790045741118028 0.2348408286912296 
0.3208363769247833 0.19840301202233665 0.16534409330658584 0.14470158363027152 0.1437030048420682 0.1790045741118028 0.2348408286912296 0.25517775576898466 
0.19840301202233665 0.16534409330658584 0.14470158363027152 0.1437030048420682 0.1790045741118028 0.2348408286912296 0.25517775576898466 0.08580188155124285 
0.16534409330658584 0.14470158363027152 0.1437030048420682 0.1790045741118028 0.2348408286912296 0.25517775576898466 0.08580188155124285 0.16599055814753888 
0.14470158363027152 0.1437030048420682 0.1790045741118028 0.2348408286912296 0.25517775576898466 0.08580188155124285 0.16599055814753888 0.38183063150661684 
0.1437030048420682 0.1790045741118028 0.2348408286912296 0.25517775576898466 0.08580188155124285 0.16599055814753888 0.38183063150661684 0.1701727636773083 
0.1790045741118028 0.2348408286912296 0.25517775576898466 0.08580188155124285 0.16599055814753888 0.38183063150661684 0.1701727636773083 0.13610957009446265 
0.2348408286912296 0.25517775576898466 0.08580188155124285 0.16599055814753888 0.38183063150661684 0.1701727636773083 0.13610957009446265 0.17769776525175263 
0.0001686360257735536 0.03156470083752416 0.0002753372219100076 0.0005354314158005218 0.08964753706763452 0.088272856619666 0.00025367607682967477 0.03720702799863455 
0.03156470083752416 0.0002753372219100076 0.0005354314158005218 0.08964753706763452 0.088272856619666 0.00025367607682967477 0.03720702799863455 0.022575646535039108 
0.0002753372219100076 0.0005354314158005218 0.08964753706763452 0.088272856619666 0.00025367607682967477 0.03720702799863455 0.022575646535039108 0.0005659976983027691 
0.0005354314158005218 0.08964753706763452 0.088272856619666 0.00025367607682967477 0.03720702799863455 0.022575646535039108 0.0005659976983027691 0.0476264399145909 
0.08964753706763452 0.088272856619666 0.00025367607682967477 0.03720702799863455 0.022575646535039108 0.0005659976983027691 0.0476264399145909 0.0006572954134932087 
0.088272856619666 0.00025367607682967477 0.03720702799863455 0.022575646535039108 0.0005659976983027691 0.0476264399145909 0.0006572954134932087 0.036868311870748745 
0.00025367607682967477 0.03720702799863455 0.022575646535039108 0.0005659976983027691 0.0476264399145909 0.0006572954134932087 0.036868311870748745 0.1336818370897369 
0.03720702799863455 0.022575646535039108 0.0005659976983027691 0.0476264399145909 0.0006572954134932087 0.036868311870748745 0.1336818370897369 0.0002463754686729701 
0.022575646535039108 0.0005659976983027691 0.0476264399145909 0.0006572954134932087 0.036868311870748745 0.1336818370897369 0.0002463754686729701 0.13854299917807988 
0.0005659976983027691 0.0476264399145909 0.0006572954134932087 0.036868311870748745 0.1336818370897369 0.0002463754686729701 0.13854299917807988 0.13624619576139527 
0.0476264399145909 0.0006572954134932087 0.036868311870748745 0.1336818370897369 0.0002463754686729701 0.13854299917807988 0.13624619576139527 0.0001831570156237026 
0.0006572954134932087 0.036868311870748745 0.1336818370897369 0.0002463754686729701 0.13854299917807988 0.13624619576139527 0.0001831570156237026 0.1822395457898556 
0.036868311870748745 0.1336818370897369 0.0002463754686729701 0.13854299917807988 0.13624619576139527 0.0001831570156237026 0.1822395457898556 0.20935954010982202 
0.1336818370897369 0.0002463754686729701 0.13854299917807988 0.13624619576139527 0.0001831570156237026 0.1822395457898556 0.20935954010982202 0.00013421887303480265 
0.0002463754686729701 0.13854299917807988 0.13624619576139527 0.0001831570156237026 0.1822395457898556 0.20935954010982202 0.00013421887303480265 0.1861440073038172 
0.13854299917807988 0.13624619576139527 0.0001831570156237026 0.1822395457898556 0.20935954010982202 0.00013421887303480265 0.1861440073038172 1.3879178144065067e-05 
0.13624619576139527 0.0001831570156237026 0.1822395457898556 0.20935954010982202 0.00013421887303480265 0.1861440073038172 1.3879178144065067e-05 0.1974996620460235 
0.0001831570156237026 0.1822395457898556 0.20935954010982202 0.00013421887303480265 0.1861440073038172 1.3879178144065067e-05 0.1974996620460235 1.8853218866215554e-05 
0.1822395457898556 0.20935954010982202 0.00013421887303480265 0.1861440073038172 1.3879178144065067e-05 0.1974996620460235 1.8853218866215554e-05 0.1493812734587193 
0.00023024994955761122 0.15208209734438374 0.0008734255055169733 0.09330626492462925 0.12919838119042434 0.22820281089459324 0.09945554310708267 0.16693353999670268 
0.15208209734438374 0.0008734255055169733 0.09330626492462925 0.12919838119042434 0.22820281089459324 0.09945554310708267 0.16693353999670268 0.15082326390936335 
0.0008734255055169733 0.09330626492462925 0.12919838119042434 0.22820281089459324 0.09945554310708267 0.16693353999670268 0.15082326390936335 0.17427289753516226 
0.09330626492462925 0.12919838119042434 0.22820281089459324 0.09945554310708267 0.16693353999670268 0.15082326390936335 0.17427289753516226 0.1604560553530506 
0.12919838119042434 0.22820281089459324 0.09945554310708267 0.16693353999670268 0.15082326390936335 0.17427289753516226 0.1604560553530506 0.12424640274567048 
0.22820281089459324 0.09945554310708267 0.16693353999670268 0.15082326390936335 0.17427289753516226 0.1604560553530506 0.12424640274567048 0.1304304189867157 
0.09945554310708267 0.16693353999670268 0.15082326390936335 0.17427289753516226 0.1604560553530506 0.12424640274567048 0.1304304189867157 0.037606876691524835 
0.16693353999670268 0.15082326390936335 0.17427289753516226 0.1604560553530506 0.12424640274567048 0.1304304189867157 0.037606876691524835 0.3324468309143049 
0.15082326390936335 0.17427289753516226 0.1604560553530506 0.12424640274567048 0.1304304189867157 0.037606876691524835 0.3324468309143049 0.27600205861104726 
0.17427289753516226 0.1604560553530506 0.12424640274567048 0.1304304189867157 0.037606876691524835 0.3324468309143049 0.27600205861104726 0.00723434109805158 
0.1604560553530506 0.12424640274567048 0.1304304189867157 0.037606876691524835 0.3324468309143049 0.27600205861104726 0.00723434109805158 1.0 
0.12424640274567048 0.1304304189867157 0.037606876691524835 0.3324468309143049 0.27600205861104726 0.00723434109805158 1.0 4.252002552806061e-06 
0.1304304189867157 0.037606876691524835 0.3324468309143049 0.27600205861104726 0.00723434109805158 1.0 4.252002552806061e-06 0.7000895728462304 
0.037606876691524835 0.3324468309143049 0.27600205861104726 0.00723434109805158 1.0 4.252002552806061e-06 0.7000895728462304 0.15103963468077689 
0.3324468309143049 0.27600205861104726 0.00723434109805158 1.0 4.252002552806061e-06 0.7000895728462304 0.15103963468077689 0.11390240370517898 
0.27600205861104726 0.00723434109805158 1.0 4.252002552806061e-06 0.7000895728462304 0.15103963468077689 0.11390240370517898 3.088718835528931e-05 
0.00723434109805158 1.0 4.252002552806061e-06 0.7000895728462304 0.15103963468077689 0.11390240370517898 3.088718835528931e-05 0.12066092164963257 
