[[[[160 155 156   0]
   [160 155 156   0]
   [160 155 156   0]
   ...
   [111 111 111   0]
   [110 110 110   0]
   [110 110 110   0]]

  [[160 155 156   0]
   [160 155 156   0]
   [160 155 156   0]
   ...
   [111 111 111   0]
   [110 110 110   0]
   [110 110 110   0]]

  [[160 155 156   0]
   [160 155 156   0]
   [160 155 156   0]
   ...
   [111 111 111   0]
   [110 110 110   0]
   [110 110 110   0]]

  ...

  [[ 54  71  87   0]
   [ 54  71  87   0]
   [ 54  71  87   0]
   ...
   [ 96  96  96   0]
   [ 88  88  88   0]
   [ 80  80  80   0]]

  [[ 54  71  87   0]
   [ 54  71  87   0]
   [ 54  71  87   0]
   ...
   [ 89  89  89   0]
   [ 83  83  83   0]
   [ 87  87  87   0]]

  [[ 54  71  87   0]
   [ 54  71  87   0]
   [ 54  71  87   0]
   ...
   [ 76  76  76   0]
   [ 79  79  79   0]
   [100 100 100   0]]]


 [[[156 155 160   0]
   [156 155 160   0]
   [156 155 160   0]
   ...
   [111 111 111   0]
   [110 110 110   0]
   [110 110 110   0]]

  [[156 155 160   0]
   [156 155 160   0]
   [156 155 160   0]
   ...
   [111 111 111   0]
   [110 110 110   0]
   [110 110 110   0]]

  [[156 155 160   0]
   [156 155 160   0]
   [156 155 160   0]
   ...
   [111 111 111   0]
   [110 110 110   0]
   [110 110 110   0]]

  ...

  [[ 87  71  54   0]
   [ 87  71  54   0]
   [ 87  71  54   0]
   ...
   [ 96  96  96   0]
   [ 88  88  88   0]
   [ 80  80  80   0]]

  [[ 87  71  54   0]
   [ 87  71  54   0]
   [ 87  71  54   0]
   ...
   [ 89  89  89   0]
   [ 83  83  83   0]
   [ 87  87  87   0]]

  [[ 87  71  54   0]
   [ 87  71  54   0]
   [ 87  71  54   0]
   ...
   [ 76  76  76   0]
   [ 79  79  79   0]
   [100 100 100   0]]]


 [[[156 155 160   0]
   [156 155 160   0]
   [156 155 160   0]
   ...
   [111 111 111   0]
   [110 110 110   0]
   [110 110 110   0]]

  [[156 155 160   0]
   [156 155 160   0]
   [156 155 160   0]
   ...
   [111 111 111   0]
   [110 110 110   0]
   [110 110 110   0]]

  [[156 155 160   0]
   [156 155 160   0]
   [156 155 160   0]
   ...
   [111 111 111   0]
   [110 110 110   0]
   [110 110 110   0]]

  ...

  [[ 87  71  54   0]
   [ 87  71  54   0]
   [ 87  71  54   0]
   ...
   [ 60  60  60  36]
   [ 83  83  83   4]
   [ 94  94  94  14]]

  [[ 87  71  54   0]
   [ 87  71  54   0]
   [ 87  71  54   0]
   ...
   [100 100 100  11]
   [ 82  82  82   1]
   [ 81  81  81   6]]

  [[ 87  71  54   0]
   [ 87  71  54   0]
   [ 87  71  54   0]
   ...
   [117 117 117  41]
   [ 80  80  80   1]
   [ 75  75  75  25]]]


 ...


 [[[ 79  78  83  12]
   [ 79  78  83  13]
   [ 78  77  82  13]
   ...
   [252 236 253   8]
   [251 235 250   9]
   [250 234 249  10]]

  [[ 79  78  83  11]
   [ 79  78  83  12]
   [ 78  77  82  12]
   ...
   [252 236 253   8]
   [251 235 250   9]
   [250 234 249  10]]

  [[ 80  79  84  13]
   [ 80  79  84  14]
   [ 79  78  83  14]
   ...
   [252 235 255   8]
   [251 235 252   9]
   [250 234 251  10]]

  ...

  [[ 83  82  87  55]
   [ 82  81  86  54]
   [ 81  80  85  51]
   ...
   [232 248 246   3]
   [228 246 245   3]
   [226 244 243  10]]

  [[ 82  81  86  55]
   [ 81  80  85  54]
   [ 80  79  84  50]
   ...
   [231 247 245   0]
   [224 245 243   7]
   [223 244 242   9]]

  [[ 81  80  85  55]
   [ 80  79  84  52]
   [ 82  81  86  47]
   ...
   [230 246 244   3]
   [224 245 243   8]
   [223 244 242   9]]]


 [[[ 79  78  83   0]
   [ 79  78  83   0]
   [ 78  77  82   0]
   ...
   [252 236 253   0]
   [251 235 250   0]
   [250 234 249   0]]

  [[ 79  78  83   0]
   [ 79  78  83   0]
   [ 78  77  82   0]
   ...
   [252 236 253   0]
   [251 235 250   0]
   [250 234 249   0]]

  [[ 80  79  84   0]
   [ 80  79  84   0]
   [ 79  78  83   0]
   ...
   [252 235 255   0]
   [251 235 252   0]
   [250 234 251   0]]

  ...

  [[ 83  82  87   0]
   [ 82  81  86   0]
   [ 81  80  85   0]
   ...
   [232 248 246   0]
   [228 246 245   0]
   [226 244 243   0]]

  [[ 82  81  86   0]
   [ 81  80  85   0]
   [ 80  79  84   0]
   ...
   [231 247 245   0]
   [224 245 243   0]
   [223 244 242   0]]

  [[ 81  80  85   0]
   [ 80  79  84   0]
   [ 82  81  86   0]
   ...
   [230 246 244   0]
   [224 245 243   0]
   [223 244 242   0]]]


 [[[ 81  80  85   2]
   [ 81  80  85   2]
   [ 80  79  84   2]
   ...
   [239 221 255   9]
   [239 221 255   8]
   [241 223 255   5]]

  [[ 83  82  87   4]
   [ 82  81  86   3]
   [ 81  80  85   3]
   ...
   [238 220 255  10]
   [239 221 255   8]
   [239 221 255   7]]

  [[ 83  82  87   2]
   [ 83  82  87   2]
   [ 82  81  86   3]
   ...
   [238 220 255  10]
   [238 220 255   9]
   [239 221 255   7]]

  ...

  [[148 142 149  61]
   [148 142 149  62]
   [148 142 149  63]
   ...
   [251 251 251   5]
   [251 251 251   7]
   [251 251 251   9]]

  [[150 144 151  64]
   [150 144 151  65]
   [150 144 151  66]
   ...
   [251 251 251   6]
   [251 251 251   8]
   [251 251 251   9]]

  [[150 144 151  65]
   [150 144 151  66]
   [150 144 151  64]
   ...
   [251 251 251   7]
   [251 251 251   8]
   [251 251 251   9]]]]