[[[[130 133 133   0]
   [130 133 133   0]
   [130 133 133   0]
   ...
   [114 119 117   0]
   [114 119 117   0]
   [116 121 119   0]]

  [[130 133 133   0]
   [130 133 133   0]
   [130 133 133   0]
   ...
   [114 119 117   0]
   [116 121 119   0]
   [116 121 119   0]]

  [[130 133 133   0]
   [130 133 133   0]
   [132 135 135   0]
   ...
   [116 121 119   0]
   [117 122 120   0]
   [117 122 120   0]]

  ...

  [[174 182 186   0]
   [183 191 195   0]
   [186 194 198   0]
   ...
   [134 142 146   0]
   [134 142 146   0]
   [134 142 146   0]]

  [[179 187 191   0]
   [187 195 199   0]
   [190 198 202   0]
   ...
   [133 141 145   0]
   [133 141 145   0]
   [133 141 145   0]]

  [[183 191 195   0]
   [187 195 199   0]
   [190 198 202   0]
   ...
   [133 141 145   0]
   [133 141 145   0]
   [133 141 145   0]]]


 [[[133 133 130   0]
   [133 133 130   0]
   [133 133 130   0]
   ...
   [117 119 114   0]
   [117 119 114   0]
   [119 121 116   0]]

  [[133 133 130   0]
   [133 133 130   0]
   [133 133 130   0]
   ...
   [117 119 114   0]
   [119 121 116   0]
   [119 121 116   0]]

  [[133 133 130   0]
   [133 133 130   0]
   [135 135 132   0]
   ...
   [119 121 116   0]
   [120 122 117   0]
   [120 122 117   0]]

  ...

  [[186 182 174   0]
   [195 191 183   0]
   [198 194 186   0]
   ...
   [146 142 134   0]
   [146 142 134   0]
   [146 142 134   0]]

  [[191 187 179   0]
   [199 195 187   0]
   [202 198 190   0]
   ...
   [145 141 133   0]
   [145 141 133   0]
   [145 141 133   0]]

  [[195 191 183   0]
   [199 195 187   0]
   [202 198 190   0]
   ...
   [145 141 133   0]
   [145 141 133   0]
   [145 141 133   0]]]


 [[[125 125 122   8]
   [128 128 125   5]
   [131 131 128   2]
   ...
   [121 126 120   6]
   [122 127 121   7]
   [122 127 121   5]]

  [[142 142 139   8]
   [151 151 148  18]
   [149 149 146  15]
   ...
   [121 126 120   6]
   [122 127 121   5]
   [122 127 121   5]]

  [[187 187 184  54]
   [220 220 217  86]
   [224 224 221  89]
   ...
   [121 126 120   4]
   [122 127 121   4]
   [122 127 121   4]]

  ...

  [[209 205 197  23]
   [213 209 201  18]
   [217 213 205  19]
   ...
   [145 141 133   1]
   [145 141 133   1]
   [145 141 133   1]]

  [[216 212 204  25]
   [219 215 207  20]
   [221 217 209  19]
   ...
   [145 141 133   0]
   [145 141 133   0]
   [145 141 133   0]]

  [[220 216 208  25]
   [221 217 209  22]
   [223 219 211  21]
   ...
   [145 141 133   0]
   [145 141 133   0]
   [145 141 133   0]]]


 ...


 [[[154 150 170  55]
   [185 181 201   2]
   [200 196 216  36]
   ...
   [248 248 255   0]
   [248 249 254   0]
   [249 250 255   0]]

  [[152 148 168  61]
   [176 172 192  16]
   [199 195 215  20]
   ...
   [248 248 255   0]
   [248 249 254   0]
   [249 250 255   0]]

  [[149 145 165  71]
   [173 169 189  35]
   [199 195 215   2]
   ...
   [248 248 255   0]
   [248 249 254   0]
   [249 250 255   0]]

  ...

  [[ 27  35  42  20]
   [ 25  33  40  18]
   [ 23  31  36  10]
   ...
   [179 183 214  13]
   [179 183 214  14]
   [179 183 214  14]]

  [[ 27  35  42  20]
   [ 25  33  40  18]
   [ 23  31  36  11]
   ...
   [178 182 213  13]
   [178 182 213  14]
   [178 182 213  15]]

  [[ 27  35  42  20]
   [ 25  33  40  18]
   [ 23  31  36  10]
   ...
   [178 182 213  13]
   [178 182 213  14]
   [178 182 213  14]]]


 [[[196 192 212  41]
   [195 191 211   9]
   [192 188 208   8]
   ...
   [246 250 254   0]
   [245 249 251   1]
   [245 249 251   2]]

  [[196 192 212  43]
   [194 190 210  17]
   [192 188 208   7]
   ...
   [246 250 254   0]
   [245 249 251   1]
   [245 249 251   2]]

  [[196 192 212  47]
   [192 188 208  19]
   [190 186 206   9]
   ...
   [246 250 254   0]
   [245 249 251   1]
   [245 249 251   2]]

  ...

  [[ 30  38  45   3]
   [ 30  38  45   5]
   [ 29  37  44   6]
   ...
   [178 182 213   1]
   [176 180 211   3]
   [176 180 211   3]]

  [[ 30  38  45   3]
   [ 30  38  45   5]
   [ 29  37  44   6]
   ...
   [178 182 213   0]
   [176 180 211   2]
   [178 182 213   0]]

  [[ 30  38  45   3]
   [ 30  38  45   5]
   [ 29  37  44   6]
   ...
   [178 182 213   0]
   [175 179 210   3]
   [176 180 211   2]]]


 [[[202 198 218   6]
   [201 197 217   6]
   [189 185 205   3]
   ...
   [245 249 253   1]
   [245 249 253   0]
   [245 249 253   0]]

  [[201 197 217   5]
   [200 196 216   6]
   [187 183 203   5]
   ...
   [245 249 253   1]
   [245 249 253   0]
   [245 249 253   0]]

  [[201 197 217   5]
   [200 196 216   8]
   [186 182 202   4]
   ...
   [245 249 253   1]
   [245 249 253   0]
   [245 249 253   0]]

  ...

  [[ 30  38  45   0]
   [ 29  37  44   1]
   [ 29  37  44   0]
   ...
   [167 171 200  11]
   [179 183 214   3]
   [182 186 217   6]]

  [[ 30  38  45   0]
   [ 29  37  44   1]
   [ 29  37  44   0]
   ...
   [168 172 201  10]
   [179 183 214   3]
   [182 186 217   4]]

  [[ 30  38  45   0]
   [ 29  37  44   1]
   [ 29  37  44   0]
   ...
   [171 175 204   7]
   [180 184 215   5]
   [182 186 217   6]]]]