16 16 7 16 9 9 16 27
16 7 16 9 9 16 27 70
7 16 9 9 16 27 70 204
16 9 9 16 27 70 204 255
9 9 16 27 70 204 255 255
9 16 27 70 204 255 255 255
16 27 70 204 255 255 255 253
27 70 204 255 255 255 253 255
70 204 255 255 255 253 255 245
204 255 255 255 253 255 245 255
255 255 255 253 255 245 255 255
255 255 253 255 245 255 255 164
255 253 255 245 255 255 164 140
253 255 245 255 255 164 140 195
255 245 255 255 164 140 195 255
245 255 255 164 140 195 255 255
255 255 164 140 195 255 255 92
255 164 140 195 255 255 92 255
164 140 195 255 255 92 255 186
140 195 255 255 92 255 186 249
195 255 255 92 255 186 249 252
255 255 92 255 186 249 252 204
255 92 255 186 249 252 204 116
92 255 186 249 252 204 116 240
255 186 249 252 204 116 240 195
186 249 252 204 116 240 195 254
3 3 1 5 61 27 255 255
3 1 5 61 27 255 255 255
1 5 61 27 255 255 255 255
5 61 27 255 255 255 255 252
61 27 255 255 255 255 252 240
27 255 255 255 255 252 240 251
255 255 255 255 252 240 251 255
255 255 255 252 240 251 255 243
255 255 252 240 251 255 243 255
255 252 240 251 255 243 255 255
252 240 251 255 243 255 255 186
240 251 255 243 255 255 186 255
251 255 243 255 255 186 255 255
255 243 255 255 186 255 255 255
243 255 255 186 255 255 255 255
255 255 186 255 255 255 255 255
255 186 255 255 255 255 255 255
186 255 255 255 255 255 255 52
255 255 255 255 255 255 52 255
255 255 255 255 255 52 255 19
255 255 255 255 52 255 19 16
255 255 255 52 255 19 16 19
255 255 52 255 19 16 19 22
255 52 255 19 16 19 22 27
27 27 16 27 16 19 19 22
27 16 27 16 19 19 22 19
16 27 16 19 19 22 19 27
27 16 19 19 22 19 27 22
16 19 19 22 19 27 22 103
19 19 22 19 27 22 103 240
19 22 19 27 22 103 240 255
22 19 27 22 103 240 255 255
19 27 22 103 240 255 255 255
27 22 103 240 255 255 255 255
22 103 240 255 255 255 255 255
103 240 255 255 255 255 255 255
240 255 255 255 255 255 255 255
255 255 255 255 255 255 255 255
255 255 255 255 255 255 255 255
255 255 255 255 255 255 255 255
255 255 255 255 255 255 255 255
255 255 255 255 255 255 255 218
255 255 255 255 255 255 218 255
255 255 255 255 255 218 255 195
255 255 255 255 218 255 195 224
255 255 255 218 255 195 224 195
255 255 218 255 195 224 195 255
255 218 255 195 224 195 255 212
218 255 195 224 195 255 212 153
19 16 6 16 3 5 3 9
16 6 16 3 5 3 9 80
6 16 3 5 3 9 80 253
16 3 5 3 9 80 253 255
3 5 3 9 80 253 255 255
5 3 9 80 253 255 255 255
3 9 80 253 255 255 255 255
9 80 253 255 255 255 255 255
80 253 255 255 255 255 255 245
253 255 255 255 255 255 245 255
255 255 255 255 255 245 255 243
255 255 255 255 245 255 243 255
255 255 255 245 255 243 255 255
255 255 245 255 243 255 255 255
255 245 255 243 255 255 255 212
245 255 243 255 255 255 212 255
255 243 255 255 255 212 255 229
243 255 255 255 212 255 229 224
19 22 7 19 7 9 11 11
22 7 19 7 9 11 11 11
7 19 7 9 11 11 11 13
19 7 9 11 11 11 13 27
7 9 11 11 11 13 27 38
9 11 11 11 13 27 38 250
11 11 11 13 27 38 250 255
11 11 13 27 38 250 255 255
11 13 27 38 250 255 255 255
13 27 38 250 255 255 255 255
27 38 250 255 255 255 255 240
38 250 255 255 255 255 240 255
250 255 255 255 255 240 255 253
255 255 255 255 240 255 253 255
255 255 255 240 255 253 255 255
255 255 240 255 253 255 255 254
255 240 255 253 255 255 254 255
240 255 253 255 255 254 255 247
255 253 255 255 254 255 247 255
253 255 255 254 255 247 255 255
255 255 254 255 247 255 255 255
255 254 255 247 255 255 255 255
254 255 247 255 255 255 255 164
255 247 255 255 255 255 164 255
247 255 255 255 255 164 255 234
255 255 255 255 164 255 234 249
32 32 11 27 11 13 255 255
32 11 27 11 13 255 255 255
11 27 11 13 255 255 255 255
27 11 13 255 255 255 255 255
11 13 255 255 255 255 255 255
13 255 255 255 255 255 255 255
255 255 255 255 255 255 255 255
255 255 255 255 255 255 255 255
255 255 255 255 255 255 255 255
255 255 255 255 255 255 255 255
255 255 255 255 255 255 255 255
255 255 255 255 255 255 255 255
255 255 255 255 255 255 255 245
255 255 255 255 255 255 245 255
255 255 255 255 255 245 255 250
255 255 255 255 245 255 250 249
255 255 255 245 255 250 249 204
255 255 245 255 250 249 204 255
255 245 255 250 249 204 255 140
245 255 250 249 204 255 140 212
255 250 249 204 255 140 212 128
250 249 204 255 140 212 128 128
249 204 255 140 212 128 128 116
61 61 32 52 38 38 61 103
61 32 52 38 38 61 103 229
32 52 38 38 61 103 229 116
52 38 38 61 103 229 116 92
38 38 61 103 229 116 92 229
38 61 103 229 116 92 229 255
61 103 229 116 92 229 255 255
103 229 116 92 229 255 255 255
229 116 92 229 255 255 255 255
116 92 229 255 255 255 255 255
92 229 255 255 255 255 255 255
229 255 255 255 255 255 255 255
255 255 255 255 255 255 255 255
255 255 255 255 255 255 255 255
255 255 255 255 255 255 255 255
255 255 255 255 255 255 255 224
255 255 255 255 255 255 224 153
255 255 255 255 255 224 153 254
255 255 255 255 224 153 254 254
255 255 255 224 153 254 254 240
255 255 224 153 254 254 240 243
128 128 116 103 103 92 92 92
128 116 103 103 92 92 92 103
116 103 103 92 92 92 103 255
103 103 92 92 92 103 255 234
103 92 92 92 103 255 234 255
92 92 92 103 255 234 255 255
92 92 103 255 234 255 255 176
92 103 255 234 255 255 176 255
103 255 234 255 255 176 255 176
255 234 255 255 176 255 176 255
234 255 255 176 255 176 255 255
255 255 176 255 176 255 255 116
255 176 255 176 255 255 116 255
176 255 176 255 255 116 255 255
255 176 255 255 116 255 255 70
176 255 255 116 255 255 70 255
255 255 116 255 255 70 255 80
255 116 255 255 70 255 80 254
116 255 255 70 255 80 254 80
255 255 70 255 80 254 80 92
255 70 255 80 254 80 92 70
70 255 80 254 80 92 70 140
255 80 254 80 92 70 140 103
80 254 80 92 70 140 103 92
254 80 92 70 140 103 92 128
80 92 70 140 103 92 128 128
103 116 103 116 176 234 255 255
116 103 116 176 234 255 255 254
103 116 176 234 255 255 254 245
116 176 234 255 255 254 245 255
176 234 255 255 254 245 255 255
234 255 255 254 245 255 255 255
255 255 254 245 255 255 255 237
255 254 245 255 255 255 237 255
254 245 255 255 255 237 255 234
245 255 255 255 237 255 234 255
255 255 255 237 255 234 255 255
255 255 237 255 234 255 255 250
255 237 255 234 255 255 250 255
237 255 234 255 255 250 255 255
255 234 255 255 250 255 255 255
234 255 255 250 255 255 255 255
255 255 250 255 255 255 255 255
255 250 255 255 255 255 255 255
250 255 255 255 255 255 255 255
255 255 255 255 255 255 255 255
255 255 255 255 255 255 255 255
255 255 255 255 255 255 255 255
255 255 255 255 255 255 255 255
255 255 255 255 255 255 255 255
255 255 255 255 255 255 255 255
255 255 255 255 255 255 255 255
255 255 255 255 255 255 255 255
255 255 255 255 255 255 255 255
255 255 255 255 255 255 255 255
255 255 255 255 255 255 255 255
255 255 255 255 255 255 255 255
255 255 255 255 255 255 255 255
255 255 255 255 255 255 255 255
255 255 255 255 255 255 255 255
255 255 255 255 255 255 255 255
255 255 255 255 255 255 255 255
255 255 255 255 255 255 255 255
255 255 255 255 255 255 255 255
255 255 255 255 255 255 255 164
255 255 255 255 255 255 164 255
255 255 255 255 255 164 255 255
255 255 255 255 164 255 255 255
255 255 255 164 255 255 255 251
255 255 164 255 255 255 251 255
255 164 255 255 255 251 255 255
164 255 255 255 251 255 255 255
255 255 255 251 255 255 255 255
255 255 251 255 255 255 255 255
255 251 255 255 255 255 255 255
251 255 255 255 255 255 255 255
255 255 255 255 255 255 255 255
255 255 255 255 255 255 255 255
255 255 255 255 255 255 255 253
255 255 255 255 255 255 253 255
255 255 255 255 255 253 255 255
255 255 255 255 253 255 255 255
255 255 255 253 255 255 255 255
255 255 253 255 255 255 255 255
255 253 255 255 255 255 255 254
253 255 255 255 255 255 254 255
255 255 255 255 255 254 255 116
229 229 253 218 224 247 254 255
229 253 218 224 247 254 255 255
253 218 224 247 254 255 255 255
218 224 247 254 255 255 255 255
224 247 254 255 255 255 255 255
247 254 255 255 255 255 255 255
254 255 255 255 255 255 255 255
255 255 255 255 255 255 255 255
255 255 255 255 255 255 255 255
255 255 255 255 255 255 255 255
255 255 255 255 255 255 255 255
255 255 255 255 255 255 255 255
255 255 255 255 255 255 255 250
255 255 255 255 255 255 250 255
255 255 255 255 255 250 255 255
255 255 255 255 250 255 255 255
255 255 255 250 255 255 255 255
255 255 250 255 255 255 255 254
255 250 255 255 255 255 254 255
250 255 255 255 255 254 255 255
255 255 255 255 254 255 255 255
255 255 255 254 255 255 255 255
255 255 254 255 255 255 255 254
255 254 255 255 255 255 254 255
254 255 255 255 255 254 255 237
255 255 255 255 254 255 237 255
255 255 255 254 255 237 255 255
255 255 254 255 237 255 255 255
255 254 255 237 255 255 255 255
254 255 237 255 255 255 255 255
255 237 255 255 255 255 255 255
237 255 255 255 255 255 255 255
255 255 255 255 255 255 255 255
255 255 255 255 255 255 255 255
255 255 255 255 255 255 255 255
255 255 255 255 255 255 255 255
255 255 255 255 255 255 255 255
255 255 255 255 255 255 255 255
229 234 252 229 255 255 255 253
234 252 229 255 255 255 253 254
252 229 255 255 255 253 254 243
229 255 255 255 253 254 243 255
255 255 255 253 254 243 255 255
255 255 253 254 243 255 255 255
255 253 254 243 255 255 255 255
253 254 243 255 255 255 255 255
254 243 255 255 255 255 255 255
243 255 255 255 255 255 255 255
255 255 255 255 255 255 255 237
255 255 255 255 255 255 237 255
255 255 255 255 255 237 255 255
255 255 255 255 237 255 255 255
255 255 255 237 255 255 255 255
255 255 237 255 255 255 255 255
255 237 255 255 255 255 255 255
237 255 255 255 255 255 255 255
255 255 255 255 255 255 255 255
255 255 255 255 255 255 255 255
255 255 255 255 255 255 255 186
255 255 255 255 255 255 186 251
255 255 255 255 255 186 251 204
255 255 255 255 186 251 204 251
255 255 255 186 251 204 251 255
255 255 186 251 204 251 255 176
255 186 251 204 251 255 176 255
186 251 204 251 255 176 255 255
251 204 251 255 176 255 255 92
52 44 27 52 255 255 255 255
44 27 52 255 255 255 255 253
27 52 255 255 255 255 253 255
52 255 255 255 255 253 255 255
255 255 255 255 253 255 255 249
255 255 255 253 255 255 249 250
255 255 253 255 255 249 250 245
255 253 255 255 249 250 245 255
253 255 255 249 250 245 255 140
255 255 249 250 245 255 140 255
255 249 250 245 255 140 255 255
249 250 245 255 140 255 255 255
250 245 255 140 255 255 255 218
245 255 140 255 255 255 218 253
255 140 255 255 255 218 253 224
140 255 255 255 218 253 224 255
255 255 255 218 253 224 255 255
255 255 218 253 224 255 255 250
255 218 253 224 255 255 250 251
218 253 224 255 255 250 251 251
253 224 255 255 250 251 251 251
224 255 255 250 251 251 251 251
255 255 250 251 251 251 251 251
255 250 251 251 251 251 251 245
250 251 251 251 251 251 245 245
251 251 251 251 251 245 245 243
251 251 251 251 245 245 243 245
251 251 251 245 245 243 245 212
70 70 61 80 176 204 116 128
70 61 80 176 204 116 128 128
61 80 176 204 116 128 128 70
80 176 204 116 128 128 70 80
176 204 116 128 128 70 80 70
204 116 128 128 70 80 70 80
116 128 128 70 80 70 80 70
128 128 70 80 70 80 70 116
128 70 80 70 80 70 116 255
70 80 70 80 70 116 255 255
80 70 80 70 116 255 255 140
70 80 70 116 255 255 140 255
80 70 116 255 255 140 255 255
70 116 255 255 140 255 255 255
116 255 255 140 255 255 255 255
255 255 140 255 255 255 255 255
255 140 255 255 255 255 255 255
140 255 255 255 255 255 255 255
255 255 255 255 255 255 255 255
255 255 255 255 255 255 255 252
255 255 255 255 255 255 252 255
255 255 255 255 255 252 255 255
255 255 255 255 252 255 255 255
255 255 255 252 255 255 255 255
255 255 252 255 255 255 255 255
92 92 52 80 80 153 92 52
92 52 80 80 153 92 52 32
52 80 80 153 92 52 32 38
80 80 153 92 52 32 38 52
80 153 92 52 32 38 52 32
153 92 52 32 38 52 32 52
92 52 32 38 52 32 52 38
52 32 38 52 32 52 38 250
32 38 52 32 52 38 250 103
38 52 32 52 38 250 103 186
52 32 52 38 250 103 186 255
32 52 38 250 103 186 255 116
52 38 250 103 186 255 116 255
38 250 103 186 255 116 255 255
250 103 186 255 116 255 255 128
103 186 255 116 255 255 128 255
186 255 116 255 255 128 255 103
255 116 255 255 128 255 103 255
116 255 255 128 255 103 255 92
255 255 128 255 103 255 92 255
61 61 255 103 254 255 255 254
61 255 103 254 255 255 254 255
255 103 254 255 255 254 255 255
103 254 255 255 254 255 255 255
254 255 255 254 255 255 255 255
255 255 254 255 255 255 255 255
255 254 255 255 255 255 255 255
254 255 255 255 255 255 255 234
255 255 255 255 255 255 234 255
255 255 255 255 255 234 255 255
255 255 255 255 234 255 255 250
255 255 255 234 255 255 250 255
255 255 234 255 255 250 255 153
255 234 255 255 250 255 153 255
234 255 255 250 255 153 255 255
255 255 250 255 153 255 255 249
255 250 255 153 255 255 249 240
250 255 153 255 255 249 240 255
6 6 1 6 2 2 2 2
6 1 6 2 2 2 2 3
1 6 2 2 2 2 3 3
6 2 2 2 2 3 3 3
2 2 2 2 3 3 3 2
2 2 2 3 3 3 2 2
2 2 3 3 3 2 2 2
2 3 3 3 2 2 2 3
3 3 3 2 2 2 3 2
3 3 2 2 2 3 2 1
3 2 2 2 3 2 1 2
2 2 2 3 2 1 2 2
2 2 3 2 1 2 2 2
2 3 2 1 2 2 2 4
3 2 1 2 2 2 4 2
2 1 2 2 2 4 2 2
1 2 2 2 4 2 2 2
2 2 2 4 2 2 2 2
2 2 4 2 2 2 2 4
2 4 2 2 2 2 4 3
4 2 2 2 2 4 3 2
2 2 2 2 4 3 2 2
2 2 2 4 3 2 2 2
2 2 4 3 2 2 2 3
2 4 3 2 2 2 3 3
4 3 2 2 2 3 3 2
3 2 2 2 3 3 2 3
6 6 2 5 3 3 2 4
6 2 5 3 3 2 4 3
2 5 3 3 2 4 3 3
5 3 3 2 4 3 3 2
3 3 2 4 3 3 2 3
3 2 4 3 3 2 3 3
2 4 3 3 2 3 3 3
4 3 3 2 3 3 3 3
3 3 2 3 3 3 3 4
3 2 3 3 3 3 4 4
2 3 3 3 3 4 4 3
3 3 3 3 4 4 3 3
3 3 3 4 4 3 3 2
3 3 4 4 3 3 2 2
3 4 4 3 3 2 2 3
4 4 3 3 2 2 3 2
4 3 3 2 2 3 2 2
3 3 2 2 3 2 2 2
3 2 2 3 2 2 2 2
2 2 3 2 2 2 2 2
2 3 2 2 2 2 2 2
3 2 2 2 2 2 2 1
2 2 2 2 2 2 1 1
2 2 2 2 2 1 1 1
2 2 2 2 1 1 1 2
2 2 2 1 1 1 2 1
2 2 1 1 1 2 1 2
2 1 1 1 2 1 2 2
1 1 1 2 1 2 2 1
5 5 2 6 2 6 1 2
5 2 6 2 6 1 2 1
2 6 2 6 1 2 1 2
6 2 6 1 2 1 2 3
2 6 1 2 1 2 3 3
6 1 2 1 2 3 3 2
1 2 1 2 3 3 2 2
2 1 2 3 3 2 2 2
1 2 3 3 2 2 2 3
2 3 3 2 2 2 3 3
3 3 2 2 2 3 3 2
3 2 2 2 3 3 2 2
2 2 2 3 3 2 2 3
2 2 3 3 2 2 3 2
2 3 3 2 2 3 2 2
3 3 2 2 3 2 2 2
3 2 2 3 2 2 2 4
2 2 3 2 2 2 4 3
2 3 2 2 2 4 3 2
3 2 2 2 4 3 2 2
2 2 2 4 3 2 2 2
2 2 4 3 2 2 2 2
2 4 3 2 2 2 2 3
4 3 2 2 2 2 3 2
3 2 2 2 2 3 2 2
2 2 2 2 3 2 2 2
2 2 2 3 2 2 2 2
2 2 3 2 2 2 2 2
2 3 2 2 2 2 2 2
3 2 2 2 2 2 2 3
16 16 9 16 9 9 7 13
16 9 16 9 9 7 13 13
9 16 9 9 7 13 13 13
16 9 9 7 13 13 13 13
9 9 7 13 13 13 13 13
9 7 13 13 13 13 13 13
7 13 13 13 13 13 13 11
13 13 13 13 13 13 11 6
13 13 13 13 13 11 6 6
13 13 13 13 11 6 6 7
13 13 13 11 6 6 7 6
13 13 11 6 6 7 6 6
13 11 6 6 7 6 6 6
11 6 6 7 6 6 6 7
6 6 7 6 6 6 7 7
6 7 6 6 6 7 7 16
7 6 6 6 7 7 16 9
6 6 6 7 7 16 9 7
6 6 7 7 16 9 7 6
6 7 7 16 9 7 6 9
7 7 16 9 7 6 9 13
7 16 9 7 6 9 13 9
16 9 7 6 9 13 9 7
9 7 6 9 13 9 7 9
7 6 9 13 9 7 9 7
6 9 13 9 7 9 7 9
9 13 9 7 9 7 9 9
13 9 7 9 7 9 9 7
9 7 9 7 9 9 7 11
7 9 7 9 9 7 11 9
9 7 9 9 7 11 9 7
7 9 9 7 11 9 7 6
9 9 7 11 9 7 6 7
9 7 11 9 7 6 7 7
7 11 9 7 6 7 7 6
11 9 7 6 7 7 6 4
9 7 6 7 7 6 4 6
7 6 7 7 6 4 6 5
6 7 7 6 4 6 5 5
7 7 6 4 6 5 5 5
22 22 13 32 11 13 19 19
22 13 32 11 13 19 19 11
13 32 11 13 19 19 11 22
32 11 13 19 19 11 22 11
11 13 19 19 11 22 11 11
13 19 19 11 22 11 11 11
19 19 11 22 11 11 11 19
19 11 22 11 11 11 19 9
11 22 11 11 11 19 9 16
22 11 11 11 19 9 16 9
11 11 11 19 9 16 9 19
11 11 19 9 16 9 19 9
11 19 9 16 9 19 9 7
19 9 16 9 19 9 7 7
9 16 9 19 9 7 7 7
16 9 19 9 7 7 7 9
9 19 9 7 7 7 9 7
19 9 7 7 7 9 7 13
9 7 7 7 9 7 13 19
7 7 7 9 7 13 19 9
7 7 9 7 13 19 9 9
7 9 7 13 19 9 9 9
9 7 13 19 9 9 9 11
7 13 19 9 9 9 11 11
13 19 9 9 9 11 11 9
19 9 9 9 11 11 9 9
9 9 9 11 11 9 9 9
9 9 11 11 9 9 9 11
9 11 11 9 9 9 11 9
11 11 9 9 9 11 9 11
7 7 2 9 3 3 2 3
7 2 9 3 3 2 3 2
2 9 3 3 2 3 2 3
9 3 3 2 3 2 3 2
3 3 2 3 2 3 2 3
3 2 3 2 3 2 3 2
2 3 2 3 2 3 2 3
3 2 3 2 3 2 3 3
2 3 2 3 2 3 3 3
3 2 3 2 3 3 3 3
2 3 2 3 3 3 3 3
3 2 3 3 3 3 3 2
2 3 3 3 3 3 2 2
3 3 3 3 3 2 2 3
3 3 3 3 2 2 3 3
3 3 3 2 2 3 3 3
3 3 2 2 3 3 3 4
3 2 2 3 3 3 4 5
2 2 3 3 3 4 5 5
2 3 3 3 4 5 5 5
3 3 3 4 5 5 5 11
3 3 4 5 5 5 11 3
3 4 5 5 5 11 3 3
4 5 5 5 11 3 3 4
5 5 5 11 3 3 4 3
5 5 11 3 3 4 3 4
5 11 3 3 4 3 4 3
11 3 3 4 3 4 3 5
3 3 4 3 4 3 5 4
3 4 3 4 3 5 4 3
4 3 4 3 5 4 3 3
3 4 3 5 4 3 3 3
4 3 5 4 3 3 3 3
22 22 22 22 16 16 22 16
22 22 22 16 16 22 16 22
22 22 16 16 22 16 22 38
22 16 16 22 16 22 38 19
16 16 22 16 22 38 19 16
16 22 16 22 38 19 16 27
22 16 22 38 19 16 27 16
16 22 38 19 16 27 16 27
22 38 19 16 27 16 27 22
38 19 16 27 16 27 22 27
19 16 27 16 27 22 27 44
16 27 16 27 22 27 44 32
27 16 27 22 27 44 32 22
16 27 22 27 44 32 22 44
27 22 27 44 32 22 44 19
22 27 44 32 22 44 19 19
27 44 32 22 44 19 19 32
44 32 22 44 19 19 32 32
32 22 44 19 19 32 32 61
22 44 19 19 32 32 61 195
44 19 19 32 32 61 195 22
19 19 32 32 61 195 22 38
19 32 32 61 195 22 38 32
32 32 61 195 22 38 32 27
32 61 195 22 38 32 27 38
61 195 22 38 32 27 38 27
195 22 38 32 27 38 27 38
22 38 32 27 38 27 38 32
38 32 27 38 27 38 32 61
32 27 38 27 38 32 61 32
38 38 38 52 52 27 22 38
38 38 52 52 27 22 38 22
38 52 52 27 22 38 22 32
52 52 27 22 38 22 32 32
52 27 22 38 22 32 32 27
27 22 38 22 32 32 27 38
22 38 22 32 32 27 38 38
38 22 32 32 27 38 38 32
22 32 32 27 38 38 32 32
32 32 27 38 38 32 32 19
32 27 38 38 32 32 19 38
27 38 38 32 32 19 38 22
38 38 32 32 19 38 22 19
38 32 32 19 38 22 19 27
32 32 19 38 22 19 27 19
32 19 38 22 19 27 19 19
19 38 22 19 27 19 19 27
38 22 19 27 19 19 27 22
22 19 27 19 19 27 22 38
19 27 19 19 27 22 38 22
27 19 19 27 22 38 22 27
19 19 27 22 38 22 27 44
19 27 22 38 22 27 44 27
22 22 16 22 13 13 13 22
22 16 22 13 13 13 22 19
16 22 13 13 13 22 19 19
22 13 13 13 22 19 19 13
13 13 13 22 19 19 13 13
13 13 22 19 19 13 13 13
13 22 19 19 13 13 13 11
22 19 19 13 13 13 11 11
19 19 13 13 13 11 11 22
19 13 13 13 11 11 22 9
13 13 13 11 11 22 9 11
13 13 11 11 22 9 11 9
13 11 11 22 9 11 9 16
11 11 22 9 11 9 16 13
11 22 9 11 9 16 13 9
22 9 11 9 16 13 9 9
9 11 9 16 13 9 9 9
11 9 16 13 9 9 9 5
9 16 13 9 9 9 5 11
16 13 9 9 9 5 11 11
13 9 9 9 5 11 11 13
9 9 9 5 11 11 13 11
9 9 5 11 11 13 11 7
9 5 11 11 13 11 7 13
5 11 11 13 11 7 13 13
11 11 13 11 7 13 13 11
11 13 11 7 13 13 11 7
13 11 7 13 13 11 7 16
11 7 13 13 11 7 16 11
7 13 13 11 7 16 11 11
27 27 13 27 13 16 16 16
27 13 27 13 16 16 16 27
13 27 13 16 16 16 27 27
27 13 16 16 16 27 27 19
13 16 16 16 27 27 19 22
16 16 16 27 27 19 22 27
16 16 27 27 19 22 27 22
16 27 27 19 22 27 22 13
27 27 19 22 27 22 13 16
27 19 22 27 22 13 16 13
19 22 27 22 13 16 13 16
22 27 22 13 16 13 16 16
27 22 13 16 13 16 16 13
22 13 16 13 16 16 13 13
13 16 13 16 16 13 13 11
16 13 16 16 13 13 11 9
13 16 16 13 13 11 9 11
16 16 13 13 11 9 11 11
16 13 13 11 9 11 11 11
13 13 11 9 11 11 11 19
13 11 9 11 11 11 19 22
11 9 11 11 11 19 22 19
9 11 11 11 19 22 19 13
11 11 11 19 22 19 13 16
11 11 19 22 19 13 16 19
11 19 22 19 13 16 19 19
19 22 19 13 16 19 19 16
22 19 13 16 19 19 16 16
19 13 16 19 19 16 16 19
13 16 19 19 16 16 19 13
16 19 19 16 16 19 13 27
19 19 16 16 19 13 27 19
19 16 16 19 13 27 19 16
16 16 19 13 27 19 16 22
16 19 13 27 19 16 22 16
19 13 27 19 16 22 16 16
13 27 19 16 22 16 16 19
27 19 16 22 16 16 19 22
19 16 22 16 16 19 22 22
16 16 13 16 9 9 6 9
16 13 16 9 9 6 9 11
13 16 9 9 6 9 11 7
16 9 9 6 9 11 7 16
9 9 6 9 11 7 16 6
9 6 9 11 7 16 6 6
6 9 11 7 16 6 6 7
9 11 7 16 6 6 7 6
11 7 16 6 6 7 6 6
7 16 6 6 7 6 6 6
16 6 6 7 6 6 6 7
6 6 7 6 6 6 7 7
6 7 6 6 6 7 7 9
7 6 6 6 7 7 9 7
6 6 6 7 7 9 7 7
6 6 7 7 9 7 7 11
6 7 7 9 7 7 11 9
7 7 9 7 7 11 9 7
7 9 7 7 11 9 7 11
9 7 7 11 9 7 11 13
7 7 11 9 7 11 13 9
7 11 9 7 11 13 9 11
11 9 7 11 13 9 11 11
9 7 11 13 9 11 11 11
7 11 13 9 11 11 11 11
11 13 9 11 11 11 11 11
13 9 11 11 11 11 11 9
9 11 11 11 11 11 9 9
11 11 11 11 11 9 9 13
11 11 11 11 9 9 13 13
11 11 11 9 9 13 13 13
11 11 9 9 13 13 13 9
11 9 9 13 13 13 9 9
9 9 13 13 13 9 9 16
9 13 13 13 9 9 16 11
13 13 13 9 9 16 11 13
13 13 9 9 16 11 13 11
13 9 9 16 11 13 11 16
9 9 16 11 13 11 16 16
9 16 11 13 11 16 16 19
32 32 19 32 22 27 27 27
32 19 32 22 27 27 27 22
19 32 22 27 27 27 22 27
32 22 27 27 27 22 27 27
22 27 27 27 22 27 27 22
27 27 27 22 27 27 22 27
27 27 22 27 27 22 27 27
27 22 27 27 22 27 27 27
22 27 27 22 27 27 27 27
27 27 22 27 27 27 27 27
27 22 27 27 27 27 27 22
22 27 27 27 27 27 22 27
27 27 27 27 27 22 27 27
27 27 27 27 22 27 27 27
27 27 27 22 27 27 27 27
27 27 22 27 27 27 27 27
27 22 27 27 27 27 27 27
22 27 27 27 27 27 27 22
27 27 27 27 27 27 22 27
27 27 27 27 27 22 27 32
27 27 27 27 22 27 32 27
27 27 27 22 27 32 27 32
27 27 22 27 32 27 32 32
27 22 27 32 27 32 32 22
22 27 32 27 32 32 22 27
27 32 27 32 32 22 27 19
32 27 32 32 22 27 19 22
27 32 32 22 27 19 22 22
32 32 22 27 19 22 22 22
32 22 27 19 22 22 22 19
22 27 19 22 22 22 19 22
13 11 9 13 9 11 11 9
11 9 13 9 11 11 9 11
9 13 9 11 11 9 11 9
13 9 11 11 9 11 9 6
9 11 11 9 11 9 6 7
11 11 9 11 9 6 7 5
11 9 11 9 6 7 5 11
9 11 9 6 7 5 11 9
11 9 6 7 5 11 9 6
9 6 7 5 11 9 6 6
6 7 5 11 9 6 6 9
7 5 11 9 6 6 9 9
5 11 9 6 6 9 9 11
11 9 6 6 9 9 11 6
9 6 6 9 9 11 6 7
6 6 9 9 11 6 7 9
6 9 9 11 6 7 9 7
9 9 11 6 7 9 7 4
9 11 6 7 9 7 4 6
11 6 7 9 7 4 6 4
6 7 9 7 4 6 4 5
7 9 7 4 6 4 5 5
9 7 4 6 4 5 5 6
7 4 6 4 5 5 6 7
4 6 4 5 5 6 7 6
6 4 5 5 6 7 6 9
4 5 5 6 7 6 9 11
5 5 6 7 6 9 11 16
5 6 7 6 9 11 16 11
6 6 2 5 3 5 3 5
6 2 5 3 5 3 5 2
2 5 3 5 3 5 2 4
5 3 5 3 5 2 4 4
3 5 3 5 2 4 4 3
5 3 5 2 4 4 3 3
3 5 2 4 4 3 3 6
5 2 4 4 3 3 6 3
2 4 4 3 3 6 3 6
4 4 3 3 6 3 6 3
4 3 3 6 3 6 3 7
3 3 6 3 6 3 7 3
3 6 3 6 3 7 3 2
6 3 6 3 7 3 2 7
3 6 3 7 3 2 7 4
6 3 7 3 2 7 4 3
3 7 3 2 7 4 3 6
7 3 2 7 4 3 6 3
3 2 7 4 3 6 3 3
2 7 4 3 6 3 3 6
7 4 3 6 3 3 6 3
4 3 6 3 3 6 3 6
3 6 3 3 6 3 6 5
6 3 3 6 3 6 5 2
3 3 6 3 6 5 2 6
3 6 3 6 5 2 6 3
6 3 6 5 2 6 3 7
3 6 5 2 6 3 7 19
6 5 2 6 3 7 19 32
13 11 7 13 9 9 9 7
11 7 13 9 9 9 7 5
7 13 9 9 9 7 5 5
13 9 9 9 7 5 5 7
9 9 9 7 5 5 7 9
9 9 7 5 5 7 9 9
9 7 5 5 7 9 9 13
7 5 5 7 9 9 13 9
5 5 7 9 9 13 9 13
5 7 9 9 13 9 13 13
7 9 9 13 9 13 13 11
9 9 13 9 13 13 11 13
9 13 9 13 13 11 13 11
13 9 13 13 11 13 11 11
9 13 13 11 13 11 11 11
13 13 11 13 11 11 11 11
13 11 13 11 11 11 11 13
11 13 11 11 11 11 13 11
13 11 11 11 11 13 11 11
11 11 11 11 13 11 11 44
11 11 11 13 11 11 44 7
11 11 13 11 11 44 7 7
16 16 4 11 6 7 17 31
18 11 12 8 7 12 28 67
4 20 4 10 12 27 68 200
14 6 13 19 23 68 202 254
4 9 19 29 71 200 253 255
8 17 23 72 206 255 255 255
16 30 71 199 255 254 254 248
22 66 201 253 255 255 248 255
71 205 254 255 255 251 252 240
206 255 255 253 255 255 249 254
254 255 253 249 255 245 250 251
250 255 255 254 247 255 255 161
255 255 251 240 255 255 164 135
249 253 247 255 250 168 139 195
255 244 255 255 165 135 195 251
249 255 253 167 139 190 255 250
254 250 165 137 194 255 255 96
255 160 144 198 255 255 93 254
160 138 199 255 254 92 255 183
140 192 255 255 89 255 185 246
194 255 252 96 250 189 245 255
253 255 91 250 183 253 254 208
255 88 255 190 251 250 208 112
87 251 187 253 248 200 116 240
255 187 247 251 206 119 242 195
185 248 247 202 114 235 190 249
1 0 3 6 62 28 255 255
3 0 6 64 29 255 251 251
5 6 63 26 255 250 255 253
1 56 28 255 251 255 255 248
65 24 255 253 255 251 255 243
25 255 255 251 253 253 242 247
255 255 253 253 255 236 246 255
255 252 255 253 243 252 252 243
255 254 251 239 255 250 243 250
250 249 236 254 251 241 254 254
251 243 255 251 238 250 255 181
243 247 255 245 255 251 185 250
254 252 241 255 253 185 251 255
255 247 255 255 190 255 252 255
245 254 253 189 255 254 250 255
253 255 186 255 255 255 255 255
251 185 252 255 255 254 251 251
186 251 255 254 255 253 255 50
255 255 250 251 253 251 47 255
253 255 255 255 255 51 255 20
255 253 255 255 53 255 14 14
255 252 255 54 255 16 18 15
255 255 48 254 18 12 18 25
253 54 253 20 14 14 24 27
29 31 19 30 12 16 18 20
22 14 25 16 21 19 22 22
19 28 13 19 23 25 18 27
25 14 21 19 26 15 28 23
13 18 15 26 16 24 25 104
18 22 21 21 31 26 101 238
18 18 14 30 21 106 238 254
18 22 31 23 102 237 254 255
16 22 19 101 236 255 255 252
27 23 105 243 255 250 255 252
21 101 235 255 254 255 255 255
101 243 253 255 255 255 255 254
238 250 253 255 255 255 254 255
255 255 254 253 255 253 252 255
255 253 255 255 255 254 251 255
253 255 255 255 255 254 255 251
255 251 253 250 255 252 255 255
255 255 253 255 255 252 255 216
251 255 255 255 255 255 221 254
255 254 251 254 255 215 253 195
250 251 255 255 221 255 199 227
255 255 255 220 252 191 221 191
254 254 222 255 196 219 191 253
255 218 255 196 227 195 252 213
221 252 199 219 195 250 215 156
15 16 9 15 3 9 3 13
16 10 14 0 7 0 11 84
9 16 4 4 0 10 75 255
11 1 2 6 4 78 249 252
1 2 4 13 75 251 255 255
5 2 5 76 255 255 255 255
3 5 80 254 254 252 253 255
11 78 254 255 251 252 252 253
84 255 253 252 252 252 255 248
255 255 255 250 255 255 240 255
255 251 255 255 255 247 255 245
255 255 251 251 240 254 239 255
255 251 254 247 255 244 251 255
250 250 249 254 244 253 252 253
255 248 252 238 255 251 255 210
241 255 243 253 255 255 213 253
255 241 250 251 255 216 251 228
246 255 255 254 208 252 229 222
22 20 2 20 3 6 12 6
25 8 21 8 5 12 10 6
4 23 9 11 11 12 8 8
21 7 13 12 7 13 13 31
10 9 14 7 7 15 31 39
10 10 8 12 11 22 36 246
10 10 12 11 26 33 246 255
13 10 10 26 37 253 255 255
7 8 28 39 252 255 254 255
11 25 39 251 253 255 255 255
22 38 252 255 255 255 255 237
42 249 251 255 251 253 242 255
246 254 250 255 252 236 255 249
255 255 255 254 242 254 249 255
255 251 255 239 255 254 251 255
255 251 237 255 250 250 252 252
255 241 255 255 255 254 253 250
238 250 255 255 252 255 252 244
254 255 255 254 249 255 245 255
249 255 255 251 253 246 255 252
255 254 252 255 246 255 255 250
255 255 251 242 255 253 255 255
249 250 242 251 255 253 255 160
255 247 255 255 251 255 168 250
242 255 253 251 252 164 255 237
253 253 254 255 165 255 230 248
30 29 13 25 14 15 251 253
28 13 30 10 10 255 252 255
9 27 15 15 250 253 255 255
30 9 13 255 254 251 250 255
13 13 252 255 255 251 253 255
14 254 255 252 251 255 255 251
255 255 251 255 253 253 255 255
255 255 252 255 255 253 255 255
255 250 255 255 255 255 255 255
251 250 255 250 255 255 251 250
252 255 251 255 251 255 255 255
252 250 255 255 252 252 255 250
252 253 255 255 252 255 255 247
255 252 252 255 253 255 240 254
255 254 255 255 252 247 252 248
252 255 255 254 241 255 252 245
254 253 253 240 255 249 249 202
250 254 248 255 248 248 207 250
255 240 253 247 248 204 253 135
246 252 251 246 200 255 140 207
251 252 245 199 253 136 213 125
247 246 199 255 139 211 128 123
250 199 255 139 213 132 124 111
56 60 27 50 39 34 65 106
63 28 50 33 33 58 103 229
32 56 34 41 64 100 229 119
54 38 37 62 102 224 112 88
33 34 61 105 226 113 95 229
41 64 103 226 115 92 232 250
65 98 227 117 87 228 255 255
101 228 111 96 232 255 251 250
226 120 93 233 251 252 252 253
117 94 228 250 253 251 250 255
96 226 251 255 255 255 254 250
224 255 253 255 252 255 250 255
255 255 255 255 253 255 255 255
254 255 255 255 253 255 255 253
252 255 254 255 251 250 254 254
255 255 250 255 250 251 255 220
255 251 255 255 251 255 228 156
255 255 255 255 255 220 150 255
255 252 250 255 220 149 254 254
253 255 251 224 149 250 255 236
251 255 228 152 255 249 241 245
132 125 117 101 98 88 90 87
127 115 106 104 93 90 96 101
116 103 106 90 90 89 105 255
99 102 89 90 93 100 251 231
106 95 93 87 104 251 235 254
89 94 93 98 255 232 251 255
91 96 98 251 230 250 255 177
87 105 255 237 251 254 175 251
98 251 231 255 255 172 255 172
250 238 255 251 171 255 179 250
230 255 255 179 255 178 252 255
250 254 179 255 174 251 252 120
254 178 255 180 254 254 113 254
175 254 172 255 254 116 255 254
254 175 255 255 118 252 255 70
175 251 254 112 251 255 71 254
251 255 116 255 255 74 251 79
251 112 252 250 70 255 82 255
118 255 255 68 255 81 251 75
251 251 71 255 81 255 76 93
255 67 255 80 252 83 95 70
73 255 78 255 82 88 73 135
255 76 250 79 94 68 138 106
77 254 79 90 69 139 101 87
252 76 96 72 139 107 91 128
84 92 72 137 101 96 130 132
104 115 107 120 175 232 252 255
119 98 112 175 231 254 253 253
105 114 176 231 255 255 252 249
116 179 234 252 255 255 243 250
174 232 255 255 255 245 250 255
236 255 251 253 242 255 251 255
251 255 255 245 251 254 255 241
255 253 248 255 253 251 237 254
255 246 252 255 255 241 255 237
249 255 255 255 236 251 235 255
255 255 253 239 254 234 255 250
254 251 239 252 237 255 255 247
250 239 255 229 255 253 246 254
236 252 232 255 251 249 252 251
255 233 252 250 249 251 250 250
234 255 252 251 255 255 254 251
254 250 250 255 255 254 255 254
254 253 255 255 251 255 255 255
245 255 255 255 255 255 253 251
255 255 255 252 253 251 250 254
253 255 253 255 255 255 253 255
255 252 250 254 255 253 255 250
255 251 254 255 255 251 251 255
255 250 254 251 255 250 254 250
254 250 255 250 255 255 251 253
254 255 255 255 252 250 255 253
250 254 255 251 253 252 255 255
250 252 255 252 253 252 255 255
255 254 255 255 255 255 255 253
255 254 252 255 255 255 255 253
255 252 255 254 252 251 255 252
251 252 255 252 250 250 255 251
255 254 255 252 255 250 253 250
252 251 255 254 255 255 250 255
255 250 255 253 255 255 255 255
255 250 255 255 255 255 253 251
255 255 252 252 255 255 251 252
254 254 255 252 251 253 254 255
253 254 255 253 253 255 255 168
254 255 251 250 251 252 163 253
255 255 254 255 255 166 255 250
252 251 255 255 165 250 255 255
253 250 255 160 253 250 255 254
253 253 162 250 252 251 247 250
255 167 252 251 250 254 254 255
165 250 255 252 247 255 255 250
255 255 253 254 252 255 250 255
250 250 247 255 252 252 255 253
255 251 255 255 252 255 252 255
253 255 255 255 255 253 255 251
255 255 253 251 250 250 255 252
255 250 255 255 251 255 255 255
253 254 251 255 253 254 255 251
254 251 255 255 255 250 252 255
255 255 255 250 251 250 253 251
253 254 255 251 255 254 254 250
250 255 255 249 255 253 252 251
255 255 253 255 255 254 255 254
255 251 253 252 250 254 253 250
252 255 254 250 255 255 255 250
255 255 251 250 255 252 255 113
226 230 252 214 223 242 255 255
228 254 216 219 242 251 255 252
254 218 224 242 255 255 252 254
214 221 248 255 255 251 255 252
228 244 255 255 254 254 255 252
242 255 250 255 255 255 252 252
255 250 255 254 255 251 251 250
254 254 252 255 251 255 255 253
255 252 255 252 254 252 255 254
255 251 255 252 250 253 250 255
253 250 255 254 251 251 255 251
255 251 251 253 253 251 250 252
255 253 255 255 255 255 253 246
253 255 254 255 251 255 245 254
252 255 250 255 253 252 255 253
255 251 255 250 245 250 251 253
253 255 254 245 255 254 252 255
250 255 248 255 255 255 255 255
254 253 250 251 251 253 255 255
249 250 250 253 255 252 252 254
250 255 251 253 254 252 255 255
252 255 255 250 254 255 253 255
252 251 250 255 254 251 251 254
255 249 255 255 255 255 255 255
251 255 253 255 255 255 255 236
250 255 255 254 255 253 239 252
251 254 253 254 253 237 250 255
253 255 255 250 237 255 250 252
254 255 255 235 255 250 255 255
255 255 235 250 253 252 252 250
255 235 255 255 251 255 253 254
236 255 250 255 255 255 255 250
254 255 250 253 255 255 255 252
255 255 253 252 255 250 255 254
255 255 255 255 251 255 252 250
254 255 255 255 255 255 253 255
252 253 255 255 255 251 255 255
250 254 254 255 253 253 255 250
225 238 249 225 255 250 250 249
236 255 226 250 255 255 255 250
253 226 254 254 255 253 253 240
224 252 252 251 249 252 243 255
253 252 255 255 255 240 255 252
255 253 254 252 240 255 250 255
255 248 255 245 255 255 255 252
255 255 241 255 255 255 254 255
255 247 254 255 255 255 252 255
246 255 251 255 254 255 253 252
254 250 255 253 253 254 255 233
252 255 255 255 252 250 237 254
255 255 255 255 253 236 253 254
253 252 250 255 241 255 255 250
255 251 252 238 255 255 255 251
251 250 239 250 253 255 255 254
255 234 255 251 251 251 253 250
233 252 253 255 255 255 254 254
255 255 250 252 255 255 251 255
250 250 251 254 251 251 252 250
255 252 253 255 255 255 253 183
255 251 255 253 255 255 190 249
255 251 255 255 254 185 247 203
253 254 255 255 188 249 201 249
255 255 252 187 250 203 248 255
255 251 181 253 208 246 255 179
252 187 255 208 247 252 176 255
188 248 208 248 253 174 255 251
250 207 251 251 176 254 255 96
50 39 31 47 250 255 252 255
42 31 54 255 255 253 255 253
28 56 255 250 251 254 255 255
54 250 250 255 250 250 252 255
255 252 251 251 254 252 255 253
252 252 255 255 253 255 251 251
255 255 254 255 250 252 249 246
254 253 250 253 246 248 247 255
250 255 253 251 245 243 255 138
253 255 247 245 248 251 143 255
255 247 250 241 255 135 255 255
251 248 245 254 141 250 255 253
248 249 254 137 251 255 255 215
248 251 135 255 253 255 215 250
250 136 255 250 252 213 254 223
135 255 255 255 222 248 222 255
255 255 255 220 255 225 252 250
254 255 219 253 221 255 255 246
251 216 255 224 251 255 252 252
221 253 227 255 250 253 254 254
255 224 255 255 253 250 252 255
228 255 255 253 254 253 250 253
255 255 251 250 246 249 249 250
255 249 253 249 254 251 255 246
250 250 255 250 251 251 245 247
252 250 248 248 250 244 244 243
249 253 255 247 244 247 243 243
252 247 246 241 245 241 249 211
72 74 63 79 176 208 112 123
65 62 81 171 204 117 127 131
56 84 175 206 116 127 129 74
76 180 203 112 127 125 65 80
178 207 111 124 128 65 79 73
207 111 126 129 68 75 68 75
113 129 131 73 84 67 80 68
132 124 73 83 66 79 71 113
125 73 84 72 82 72 119 254
67 77 72 83 68 117 251 253
82 67 82 69 111 255 250 137
72 79 70 114 251 255 137 254
84 74 119 255 252 144 255 255
71 120 255 252 137 255 253 255
119 255 250 144 255 251 255 255
252 255 143 250 250 255 255 255
255 135 255 255 255 255 255 255
135 255 251 252 254 254 255 253
253 250 250 253 250 255 255 255
255 253 254 255 255 251 253 255
252 255 250 251 255 251 248 254
255 252 255 250 255 253 253 255
255 255 253 255 253 255 255 252
255 255 255 253 251 252 255 252
254 250 251 251 255 255 255 255
88 96 53 81 80 148 88 50
96 55 82 78 157 96 47 28
53 84 79 153 88 54 33 38
84 76 152 96 55 27 39 48
77 150 93 53 36 35 53 30
155 95 49 27 37 50 32 56
90 51 35 35 56 31 54 38
55 29 33 48 31 51 40 245
33 34 49 28 51 38 250 105
38 56 27 52 37 249 105 182
48 31 47 40 246 101 186 254
34 56 36 246 102 190 252 118
51 38 245 98 184 255 115 250
35 251 98 182 250 111 255 254
245 100 184 254 115 251 254 128
98 186 254 117 252 255 129 255
181 255 116 251 255 125 255 106
253 118 255 255 128 255 104 254
118 255 255 123 255 107 253 88
255 253 126 250 102 253 87 255
59 60 250 98 249 253 251 255
62 255 107 255 255 255 255 255
253 107 253 255 254 249 255 253
104 250 255 251 251 254 255 250
252 252 255 250 255 253 255 255
255 252 251 255 251 255 255 252
255 255 255 255 253 252 254 255
255 255 251 254 253 255 255 237
255 255 253 254 255 255 233 255
255 255 255 255 255 232 252 253
255 250 254 255 234 255 253 248
255 252 255 230 255 255 246 255
251 254 230 255 251 253 255 156
255 237 253 253 245 255 157 250
236 253 255 250 255 156 255 251
255 253 251 253 156 251 253 246
255 248 255 153 252 255 245 239
245 255 152 255 255 253 242 251
5 3 2 2 0 0 2 4
2 4 8 3 2 2 4 2
0 9 0 2 4 0 0 4
7 0 0 0 0 0 6 4
4 6 2 2 4 3 5 5
0 1 4 0 3 0 0 2
3 4 7 1 2 0 0 0
0 6 7 6 6 5 3 1
5 0 0 0 0 5 2 6
4 7 4 0 0 0 3 1
0 0 0 0 0 0 0 2
0 4 2 1 0 4 1 6
6 1 0 5 0 0 2 6
5 0 0 0 0 3 1 2
1 1 3 2 0 4 2 0
4 0 0 0 6 6 6 2
1 1 2 3 5 3 0 0
0 6 0 3 0 0 3 0
0 3 0 4 0 0 0 4
2 4 1 0 6 5 7 7
8 0 6 5 0 3 0 5
6 0 0 1 0 2 5 5
2 5 0 3 2 0 0 2
0 0 1 0 0 2 3 2
6 3 0 0 5 5 6 6
0 0 0 0 0 4 3 2
0 2 0 1 0 6 0 0
4 2 3 8 0 6 4 1
10 0 9 0 0 3 2 0
1 6 1 3 3 2 0 0
0 5 2 0 3 1 0 0
2 7 5 6 7 0 4 4
0 6 3 7 3 3 0 0
0 4 4 6 6 0 2 6
0 4 0 6 6 0 3 1
6 2 2 5 3 0 7 8
5 2 0 2 1 4 1 5
2 7 1 0 0 2 0 4
1 0 7 4 8 0 6 0
6 5 4 6 3 1 3 5
3 2 2 0 3 5 0 6
6 3 6 5 3 0 0 1
1 0 6 0 4 3 5 5
8 6 0 0 0 2 3 4
1 1 3 1 0 2 1 4
4 6 3 3 0 0 0 2
1 0 2 3 6 2 3 2
0 6 3 0 0 0 6 0
0 6 3 5 4 2 0 0
5 0 0 4 2 3 0 5
6 0 0 0 1 2 0 0
1 1 3 2 0 4 0 0
0 2 3 0 5 0 1 5
0 0 0 5 0 0 0 2
1 0 1 5 2 0 0 0
2 0 0 2 0 0 0 0
8 7 0 3 0 4 0 0
3 0 10 0 1 3 5 4
3 2 0 5 0 0 0 6
3 3 5 3 2 3 5 0
5 1 4 0 3 1 0 7
3 0 4 2 0 0 0 3
0 0 0 6 7 6 3 0
0 0 0 4 0 0 0 5
0 1 6 6 0 4 0 5
4 1 2 0 2 0 4 7
2 6 1 4 0 3 1 4
0 0 5 0 4 0 4 6
2 0 6 2 5 4 2 7
6 5 7 0 5 0 2 0
4 0 1 0 0 3 0 2
4 0 6 6 0 6 1 0
3 1 3 0 0 0 2 7
4 0 0 0 6 0 8 2
3 0 0 3 4 7 7 5
3 2 2 1 8 4 0 0
4 0 0 7 2 3 0 1
5 0 4 3 0 0 1 6
3 5 3 0 2 0 0 2
1 5 6 0 0 4 0 3
0 2 0 0 3 1 1 0
3 0 0 1 0 6 0 0
0 3 0 2 4 0 0 3
3 6 1 0 0 0 1 0
4 5 6 0 3 0 1 0
3 6 5 0 0 2 0 7
20 19 11 16 8 11 11 17
16 13 18 13 12 5 12 12
4 13 4 9 5 14 10 12
11 6 5 9 8 11 15 16
12 9 2 14 15 12 13 12
6 11 16 12 13 8 15 12
10 9 11 9 15 12 14 6
14 10 14 13 14 11 13 4
16 15 8 15 13 9 8 3
13 17 14 15 15 2 7 5
13 9 9 15 8 2 7 2
12 11 9 3 8 7 10 4
13 15 5 8 10 10 9 6
13 4 8 8 7 4 9 6
2 7 11 6 3 2 11 8
4 10 10 9 8 7 10 17
6 2 1 10 6 9 14 5
10 8 2 11 2 19 8 6
10 10 8 5 15 8 7 4
1 11 6 15 13 6 5 8
5 10 20 7 3 3 10 12
7 19 5 3 2 10 13 7
16 7 11 2 10 13 5 8
13 6 2 12 9 12 11 5
4 8 13 8 8 2 7 2
10 4 13 12 6 9 10 10
12 9 5 4 13 7 8 4
8 7 8 8 5 6 12 5
8 10 13 5 6 13 8 11
2 8 11 11 13 11 7 11
11 8 6 13 6 12 11 7
4 9 5 4 11 10 9 4
11 6 7 13 8 9 10 3
12 11 12 5 2 3 9 4
4 12 6 8 3 9 7 5
15 6 3 2 10 4 5 2
4 2 10 5 7 4 2 2
5 3 5 10 6 5 2 9
5 8 2 10 8 6 7 5
2 4 10 2 1 5 4 6
17 18 9 32 15 17 19 17
22 12 29 7 9 17 22 6
10 29 7 14 16 14 10 23
34 12 13 22 21 13 21 7
14 12 16 19 6 19 11 11
11 19 14 10 23 10 6 11
19 23 7 23 14 15 6 18
16 10 25 7 11 6 19 11
6 21 15 8 12 23 6 19
19 11 9 11 15 6 11 9
7 13 9 21 11 14 11 16
15 15 14 5 18 11 17 9
7 16 5 12 13 16 9 10
22 9 20 7 15 12 11 5
10 14 5 18 10 5 8 9
16 9 16 5 5 3 2 9
4 23 4 9 8 9 10 9
23 12 8 3 5 4 10 15
7 5 11 9 9 11 11 22
11 8 4 8 4 14 16 11
5 11 4 5 13 19 5 6
4 5 3 13 19 7 11 7
6 5 11 16 11 4 4 15
3 11 21 10 6 6 8 6
8 18 13 9 11 6 8 11
17 9 9 11 7 14 6 8
10 7 7 6 11 4 5 8
11 4 11 7 11 6 5 7
4 11 7 4 7 4 12 6
8 10 10 9 4 15 4 7
10 8 0 12 0 1 4 7
10 3 5 0 5 0 0 2
3 13 0 1 4 5 1 0
11 5 0 2 2 5 2 0
2 5 0 6 3 0 4 1
3 5 0 1 6 3 4 0
1 0 4 4 1 2 0 4
0 1 2 6 0 6 0 0
2 7 3 4 5 2 0 6
6 0 0 1 4 0 2 6
6 7 3 0 5 0 3 2
0 0 5 2 5 5 0 5
2 7 0 5 0 2 0 5
0 0 3 7 6 1 6 6
0 7 1 0 4 2 7 0
5 0 1 4 0 0 0 0
2 1 6 0 5 7 4 4
3 0 0 4 6 0 8 3
0 6 0 1 0 3 3 2
3 7 3 6 6 1 0 5
2 5 0 5 4 1 0 8
1 4 6 4 6 0 10 1
3 5 9 6 6 14 0 7
3 9 1 8 15 5 5 6
2 3 3 8 0 0 1 0
0 5 14 0 0 3 5 5
7 9 6 0 2 2 7 0
13 7 0 0 0 3 0 1
0 0 3 7 8 0 7 7
2 1 0 8 3 6 0 3
0 2 7 0 7 7 0 0
0 0 0 5 4 5 0 5
3 6 7 8 4 0 7 2
22 17 21 18 18 19 17 19
24 23 19 14 20 26 16 21
22 18 19 18 23 12 26 35
23 11 19 22 11 22 39 22
19 14 20 11 19 39 18 14
14 21 14 21 40 22 18 29
18 18 18 41 17 20 31 15
18 19 38 22 18 31 17 24
21 33 18 11 25 15 28 19
36 17 19 25 16 23 21 30
15 16 24 16 31 21 23 40
17 27 20 26 24 27 46 32
31 11 22 18 25 41 35 20
16 24 23 27 44 28 24 41
27 21 26 42 33 22 42 20
20 29 46 36 23 42 15 18
25 40 34 23 48 17 19 36
47 34 26 39 18 16 31 36
28 24 44 14 19 35 34 63
20 46 16 22 30 29 60 197
40 14 19 33 33 58 194 23
17 19 36 30 64 194 21 35
18 29 33 64 196 21 41 32
28 29 61 195 24 36 30 29
27 63 194 26 34 33 24 37
64 192 17 37 31 27 38 25
199 22 42 27 24 41 29 36
20 41 31 27 35 28 36 31
41 31 28 36 28 41 28 58
29 26 40 28 36 30 57 33
38 38 41 54 47 30 18 37
36 35 53 50 26 20 34 22
41 48 56 23 17 38 21 29
47 56 30 23 37 26 31 27
52 23 25 34 22 27 30 23
30 22 37 20 27 29 25 33
20 39 21 29 32 23 41 34
34 26 29 31 29 34 38 27
20 29 30 31 42 34 30 30
36 35 25 38 36 36 36 15
33 29 41 41 28 36 14 41
27 36 40 29 36 14 35 17
38 37 36 35 18 34 19 20
41 34 30 14 40 24 22 29
34 35 16 39 17 17 28 17
35 23 37 21 23 28 14 16
23 34 22 20 31 18 14 31
40 26 16 28 18 18 26 24
19 22 23 23 16 30 17 35
23 30 17 16 29 17 37 25
26 18 18 23 24 33 24 26
23 20 27 21 33 17 25 41
23 31 19 41 19 30 42 30
25 19 19 17 9 15 13 21
17 16 22 11 15 17 21 21
14 19 12 16 16 17 18 23
23 15 17 11 19 22 15 14
15 12 17 21 23 15 15 17
13 8 22 14 14 14 11 14
14 17 17 18 16 11 16 9
23 22 17 9 14 14 13 12
23 14 13 17 8 10 8 18
19 17 15 16 7 6 20 7
12 12 14 6 10 23 12 9
8 10 14 10 21 12 13 5
14 7 7 18 4 10 6 18
13 13 23 13 14 10 12 12
10 17 5 7 5 16 15 11
19 12 13 12 11 8 11 6
8 10 12 20 17 5 4 10
13 9 17 12 9 9 7 8
8 13 17 6 12 5 4 15
15 10 6 4 10 3 9 11
12 4 12 11 0 10 6 13
8 6 13 5 15 6 15 14
13 10 0 8 13 14 7 2
8 2 11 9 14 6 4 8
2 13 7 10 10 5 12 16
11 12 17 15 7 10 8 9
15 12 13 10 10 14 9 5
12 7 8 9 16 9 4 18
7 10 13 17 13 6 15 8
11 8 17 10 10 15 13 12
23 30 14 31 16 12 18 14
31 14 24 9 20 17 14 25
17 25 11 11 12 15 31 29
24 13 12 20 16 25 25 17
8 13 19 16 25 30 23 20
15 13 12 31 28 14 21 24
13 12 29 29 17 24 30 19
15 25 26 22 20 27 18 16
30 22 19 19 31 20 8 17
29 18 22 26 22 9 19 15
17 26 27 21 14 20 13 13
24 26 24 11 19 13 14 15
23 19 10 14 12 18 12 8
20 11 20 9 16 20 10 12
9 18 13 16 14 16 16 9
20 15 15 20 15 10 9 12
8 16 20 10 10 11 7 8
12 14 8 8 8 13 10 15
18 14 14 6 4 12 7 14
14 16 11 11 10 15 7 23
14 11 5 14 11 15 14 24
11 12 7 7 14 21 24 22
4 12 13 10 18 17 22 11
11 6 8 19 22 17 17 11
12 14 22 23 18 10 20 18
11 19 17 19 8 19 16 14
20 26 20 9 19 21 22 14
21 22 13 17 22 15 12 20
21 10 19 17 14 14 13 19
8 16 19 14 14 19 23 8
20 18 18 20 14 18 9 23
18 22 14 16 21 9 29 23
21 20 20 17 15 28 22 17
11 17 21 10 25 22 12 23
15 21 13 27 15 17 24 12
18 10 27 17 18 17 13 18
11 26 19 14 24 13 17 18
29 20 12 17 20 15 19 24
19 19 19 11 16 23 22 22
14 11 10 14 10 12 9 13
15 15 20 13 4 5 5 8
11 18 4 9 2 13 14 2
14 12 12 10 8 6 3 14
8 12 4 12 14 3 18 5
9 9 9 6 7 17 6 4
5 5 9 7 12 4 1 5
7 9 10 13 10 7 8 2
7 2 15 8 2 3 4 1
11 18 9 9 10 3 7 7
11 10 7 6 2 2 7 11
9 8 9 4 7 3 11 7
8 11 3 6 4 4 3 4
4 2 10 8 7 9 7 4
5 8 9 9 4 7 11 8
8 4 10 10 12 5 11 14
5 9 6 12 3 9 6 8
8 7 5 7 7 11 7 9
4 10 7 10 7 9 7 13
13 9 8 8 5 2 13 11
6 4 7 7 7 11 8 7
4 8 7 8 9 15 9 8
13 10 11 8 10 9 14 13
9 2 13 8 7 7 12 14
2 14 16 9 11 6 13 15
12 10 13 9 6 10 13 6
17 12 6 10 11 15 7 12
5 12 9 9 15 9 10 9
10 12 14 10 8 5 8 16
6 9 15 12 11 10 9 13
11 7 12 6 4 17 16 16
8 6 9 5 16 15 11 11
13 13 12 8 8 14 9 13
11 11 11 16 8 4 10 16
11 11 11 9 6 7 11 13
15 10 13 11 13 16 13 12
16 14 5 13 16 11 12 13
9 6 4 12 7 8 8 19
7 8 19 11 9 13 12 14
13 20 6 13 15 12 16 22
36 35 23 31 26 31 26 29
36 14 32 26 23 30 26 24
18 32 19 31 28 22 18 25
28 22 25 28 27 19 30 28
24 23 29 31 17 30 23 17
26 22 29 24 28 23 19 28
29 31 26 24 22 24 28 22
28 22 22 31 19 25 31 27
20 29 23 25 30 31 27 27
23 31 17 24 25 27 26 30
24 23 30 29 31 28 29 26
22 29 26 25 22 28 25 27
22 23 28 25 29 25 27 24
28 29 24 29 19 26 24 31
27 30 29 17 22 29 29 29
22 28 22 26 30 25 23 31
25 21 28 25 31 25 25 26
20 28 28 22 28 25 28 18
22 26 23 23 28 26 20 26
30 26 26 31 22 23 22 29
27 24 26 23 21 29 35 31
27 31 24 26 29 29 27 28
23 31 18 26 33 30 36 29
26 22 27 35 23 33 29 17
21 27 29 30 30 31 18 25
26 31 28 34 29 20 25 14
33 28 34 36 19 31 22 20
25 33 36 21 26 17 20 19
34 35 21 25 17 19 21 22
32 26 22 21 19 21 17 19
24 29 18 23 23 21 20 24
15 10 13 11 9 14 8 11
6 8 15 10 13 9 8 11
8 15 12 15 13 13 7 11
14 13 7 15 7 7 13 10
5 8 14 6 10 13 6 10
13 14 9 15 10 9 6 5
8 7 13 9 3 7 2 11
4 14 6 2 8 5 11 7
11 9 5 10 3 11 9 9
8 1 10 2 14 12 4 7
6 9 8 8 9 2 6 12
8 7 12 7 5 6 11 10
5 7 5 4 6 6 9 11
14 10 4 5 4 9 11 3
12 2 8 11 6 13 10 8
10 4 5 10 12 8 10 7
3 13 6 11 4 7 7 10
4 6 9 6 10 10 8 0
4 6 1 5 10 5 4 9
10 3 8 4 4 2 3 0
2 6 8 2 0 5 1 0
2 10 8 5 2 5 8 2
7 7 5 7 3 0 7 8
8 7 9 2 1 1 4 6
7 4 0 4 8 8 9 6
2 8 6 9 7 5 8 12
5 7 0 10 6 8 9 10
8 4 4 9 4 8 13 11
8 6 5 7 10 8 18 12
5 9 6 0 4 7 6 7
1 4 5 2 6 7 3 0
4 0 0 5 5 8 0 6
7 2 0 4 2 3 6 2
3 5 4 0 0 1 0 2
6 0 1 2 1 0 1 1
7 7 2 2 1 5 0 8
4 0 1 1 2 0 3 5
0 1 3 0 3 6 3 4
3 8 3 0 10 6 5 6
7 0 0 3 7 8 2 10
1 4 2 6 4 1 9 3
0 7 7 7 1 4 0 0
9 6 4 1 9 4 4 6
4 3 0 9 0 0 8 5
3 0 5 4 0 2 2 4
1 7 3 1 10 6 3 5
10 5 0 10 3 0 3 1
3 0 3 8 0 4 6 5
1 11 4 4 8 0 5 10
11 3 3 7 6 1 1 2
1 0 7 0 4 5 1 8
0 3 2 1 9 6 4 4
8 7 0 9 0 6 9 0
1 4 3 1 10 0 2 2
5 6 0 2 8 6 6 1
10 6 6 6 0 10 3 5
2 1 4 0 2 4 8 18
3 1 0 5 0 9 23 27
8 10 9 9 8 5 11 10
15 7 8 11 4 11 6 2
9 8 5 8 5 8 5 6
12 6 6 4 4 4 0 2
10 7 10 8 4 9 2 9
4 5 8 8 6 8 11 7
6 3 1 1 8 9 4 10
2 4 7 11 8 8 16 8
3 6 8 10 10 17 12 11
4 6 8 5 14 6 13 10
5 5 10 11 7 14 9 6
4 9 8 10 12 16 10 14
12 11 5 16 17 7 14 15
8 5 17 17 12 9 12 6
6 16 8 14 9 9 6 11
11 11 15 14 12 13 15 10
8 10 16 9 6 12 10 16
14 12 8 12 7 12 13 6
11 14 12 6 11 17 14 7
14 6 12 10 9 8 7 48
11 14 6 14 7 7 39 7
8 15 10 6 11 47 11 11
