128 128 128 229 229 128 128 27
128 128 229 229 128 128 27 255
128 229 229 128 128 27 255 255
229 229 128 128 27 255 255 255
229 128 128 27 255 255 255 255
128 128 27 255 255 255 255 255
128 27 255 255 255 255 255 255
27 255 255 255 255 255 255 255
255 255 255 255 255 255 255 255
255 255 255 255 255 255 255 255
255 255 255 255 255 255 255 255
255 255 255 255 255 255 255 128
255 255 255 255 255 255 128 128
255 255 255 255 255 128 128 252
255 255 255 255 128 128 252 255
255 255 255 128 128 252 255 255
255 255 128 128 252 255 255 128
255 128 128 252 255 255 128 255
128 128 252 255 255 128 255 128
128 252 255 255 128 255 128 255
252 255 255 128 255 128 255 255
255 255 128 255 128 255 255 128
255 128 255 128 255 255 128 128
128 255 128 255 255 128 128 255
255 128 255 255 128 128 255 128
128 255 255 128 128 255 128 255
27 27 4 128 255 128 255 255
27 4 128 255 128 255 255 255
4 128 255 128 255 255 255 255
128 255 128 255 255 255 255 255
255 128 255 255 255 255 255 255
128 255 255 255 255 255 255 255
255 255 255 255 255 255 255 255
255 255 255 255 255 255 255 255
255 255 255 255 255 255 255 255
255 255 255 255 255 255 255 255
255 255 255 255 255 255 255 128
255 255 255 255 255 255 128 255
255 255 255 255 255 128 255 255
255 255 255 255 128 255 255 255
255 255 255 128 255 255 255 255
255 255 128 255 255 255 255 255
255 128 255 255 255 255 255 255
128 255 255 255 255 255 255 229
255 255 255 255 255 255 229 255
255 255 255 255 255 229 255 229
255 255 255 255 229 255 229 229
255 255 255 229 255 229 229 128
255 255 229 255 229 229 128 128
255 229 255 229 229 128 128 229
229 229 128 229 229 128 229 229
229 128 229 229 128 229 229 229
128 229 229 128 229 229 229 229
229 229 128 229 229 229 229 229
229 128 229 229 229 229 229 229
128 229 229 229 229 229 229 252
229 229 229 229 229 229 252 255
229 229 229 229 229 252 255 255
229 229 229 229 252 255 255 255
229 229 229 252 255 255 255 255
229 229 252 255 255 255 255 255
229 252 255 255 255 255 255 255
252 255 255 255 255 255 255 255
255 255 255 255 255 255 255 255
255 255 255 255 255 255 255 255
255 255 255 255 255 255 255 255
255 255 255 255 255 255 255 255
255 255 255 255 255 255 255 229
255 255 255 255 255 255 229 255
255 255 255 255 255 229 255 128
255 255 255 255 229 255 128 229
255 255 255 229 255 128 229 128
255 255 229 255 128 229 128 255
255 229 255 128 229 128 255 252
229 255 128 229 128 255 252 128
229 229 252 229 255 252 252 229
229 252 229 255 252 252 229 252
252 229 255 252 252 229 252 255
229 255 252 252 229 252 255 255
255 252 252 229 252 255 255 255
252 252 229 252 255 255 255 255
252 229 252 255 255 255 255 255
229 252 255 255 255 255 255 255
252 255 255 255 255 255 255 128
255 255 255 255 255 255 128 255
255 255 255 255 255 128 255 128
255 255 255 255 128 255 128 255
255 255 255 128 255 128 255 255
255 255 128 255 128 255 255 255
255 128 255 128 255 255 255 128
128 255 128 255 255 255 128 255
255 128 255 255 255 128 255 229
128 255 255 255 128 255 229 128
252 252 255 229 252 229 229 229
252 255 229 252 229 229 229 252
255 229 252 229 229 229 252 252
229 252 229 229 229 252 252 229
252 229 229 229 252 252 229 229
229 229 229 252 252 229 229 255
229 229 252 252 229 229 255 255
229 252 252 229 229 255 255 255
252 252 229 229 255 255 255 255
252 229 229 255 255 255 255 255
229 229 255 255 255 255 255 255
229 255 255 255 255 255 255 255
255 255 255 255 255 255 255 255
255 255 255 255 255 255 255 255
255 255 255 255 255 255 255 255
255 255 255 255 255 255 255 255
255 255 255 255 255 255 255 255
255 255 255 255 255 255 255 255
255 255 255 255 255 255 255 255
255 255 255 255 255 255 255 255
255 255 255 255 255 255 255 255
255 255 255 255 255 255 255 255
255 255 255 255 255 255 255 128
255 255 255 255 255 255 128 255
255 255 255 255 255 128 255 252
255 255 255 255 128 255 252 255
128 128 128 128 128 128 255 255
128 128 128 128 128 255 255 255
128 128 128 128 255 255 255 255
128 128 128 255 255 255 255 255
128 128 255 255 255 255 255 255
128 255 255 255 255 255 255 255
255 255 255 255 255 255 255 255
255 255 255 255 255 255 255 255
255 255 255 255 255 255 255 255
255 255 255 255 255 255 255 255
255 255 255 255 255 255 255 255
255 255 255 255 255 255 255 255
255 255 255 255 255 255 255 255
255 255 255 255 255 255 255 255
255 255 255 255 255 255 255 255
255 255 255 255 255 255 255 255
255 255 255 255 255 255 255 128
255 255 255 255 255 255 128 255
255 255 255 255 255 128 255 128
255 255 255 255 128 255 128 229
255 255 255 128 255 128 229 128
255 255 128 255 128 229 128 128
255 128 255 128 229 128 128 128
128 128 128 229 229 128 229 252
128 128 229 229 128 229 252 252
128 229 229 128 229 252 252 229
229 229 128 229 252 252 229 229
229 128 229 252 252 229 229 252
128 229 252 252 229 229 252 255
229 252 252 229 229 252 255 255
252 252 229 229 252 255 255 255
252 229 229 252 255 255 255 255
229 229 252 255 255 255 255 255
229 252 255 255 255 255 255 255
252 255 255 255 255 255 255 255
255 255 255 255 255 255 255 255
255 255 255 255 255 255 255 255
255 255 255 255 255 255 255 255
255 255 255 255 255 255 255 255
255 255 255 255 255 255 255 128
255 255 255 255 255 255 128 255
255 255 255 255 255 128 255 255
255 255 255 255 128 255 255 128
255 255 255 128 255 255 128 128
128 229 128 128 229 128 128 128
229 128 128 229 128 128 128 229
128 128 229 128 128 128 229 255
128 229 128 128 128 229 255 128
229 128 128 128 229 255 128 255
128 128 128 229 255 128 255 255
128 128 229 255 128 255 255 128
128 229 255 128 255 255 128 255
229 255 128 255 255 128 255 128
255 128 255 255 128 255 128 255
128 255 255 128 255 128 255 255
255 255 128 255 128 255 255 128
255 128 255 128 255 255 128 255
128 255 128 255 255 128 255 255
255 128 255 255 128 255 255 128
128 255 255 128 255 255 128 255
255 255 128 255 255 128 255 128
255 128 255 255 128 255 128 255
128 255 255 128 255 128 255 128
255 255 128 255 128 255 128 128
255 128 255 128 255 128 128 128
128 255 128 255 128 128 128 252
255 128 255 128 128 128 252 128
128 255 128 128 128 252 128 128
255 128 128 128 252 128 128 128
128 128 128 252 128 128 128 128
128 128 128 128 128 229 255 255
128 128 128 128 229 255 255 255
128 128 128 229 255 255 255 255
128 128 229 255 255 255 255 255
128 229 255 255 255 255 255 255
229 255 255 255 255 255 255 255
255 255 255 255 255 255 255 128
255 255 255 255 255 255 128 255
255 255 255 255 255 128 255 128
255 255 255 255 128 255 128 255
255 255 255 128 255 128 255 255
255 255 128 255 128 255 255 255
255 128 255 128 255 255 255 255
128 255 128 255 255 255 255 255
255 128 255 255 255 255 255 255
128 255 255 255 255 255 255 255
255 255 255 255 255 255 255 255
255 255 255 255 255 255 255 255
255 255 255 255 255 255 255 255
255 255 255 255 255 255 255 255
255 255 255 255 255 255 255 255
255 255 255 255 255 255 255 255
255 255 255 255 255 255 255 255
255 255 255 255 255 255 255 255
255 255 255 255 255 255 255 255
255 255 255 255 255 255 255 255
255 255 255 255 255 255 255 255
255 255 255 255 255 255 255 255
255 255 255 255 255 255 255 255
255 255 255 255 255 255 255 255
255 255 255 255 255 255 255 255
255 255 255 255 255 255 255 255
255 255 255 255 255 255 255 255
255 255 255 255 255 255 255 255
255 255 255 255 255 255 255 255
255 255 255 255 255 255 255 255
255 255 255 255 255 255 255 255
255 255 255 255 255 255 255 255
255 255 255 255 255 255 255 128
255 255 255 255 255 255 128 255
255 255 255 255 255 128 255 255
255 255 255 255 128 255 255 255
255 255 255 128 255 255 255 252
255 255 128 255 255 255 252 255
255 128 255 255 255 252 255 255
128 255 255 255 252 255 255 255
255 255 255 252 255 255 255 255
255 255 252 255 255 255 255 255
255 252 255 255 255 255 255 255
252 255 255 255 255 255 255 255
255 255 255 255 255 255 255 255
255 255 255 255 255 255 255 255
255 255 255 255 255 255 255 255
255 255 255 255 255 255 255 255
255 255 255 255 255 255 255 255
255 255 255 255 255 255 255 255
255 255 255 255 255 255 255 255
255 255 255 255 255 255 255 255
255 255 255 255 255 255 255 255
255 255 255 255 255 255 255 255
255 255 255 255 255 255 255 128
128 128 255 128 128 255 255 255
128 255 128 128 255 255 255 255
255 128 128 255 255 255 255 255
128 128 255 255 255 255 255 255
128 255 255 255 255 255 255 255
255 255 255 255 255 255 255 255
255 255 255 255 255 255 255 255
255 255 255 255 255 255 255 255
255 255 255 255 255 255 255 255
255 255 255 255 255 255 255 255
255 255 255 255 255 255 255 255
255 255 255 255 255 255 255 255
255 255 255 255 255 255 255 128
255 255 255 255 255 255 128 255
255 255 255 255 255 128 255 255
255 255 255 255 128 255 255 255
255 255 255 128 255 255 255 255
255 255 128 255 255 255 255 255
255 128 255 255 255 255 255 255
128 255 255 255 255 255 255 255
255 255 255 255 255 255 255 255
255 255 255 255 255 255 255 255
255 255 255 255 255 255 255 255
255 255 255 255 255 255 255 255
255 255 255 255 255 255 255 255
255 255 255 255 255 255 255 255
255 255 255 255 255 255 255 255
255 255 255 255 255 255 255 255
255 255 255 255 255 255 255 255
255 255 255 255 255 255 255 255
255 255 255 255 255 255 255 255
255 255 255 255 255 255 255 255
255 255 255 255 255 255 255 255
255 255 255 255 255 255 255 255
255 255 255 255 255 255 255 255
255 255 255 255 255 255 255 255
255 255 255 255 255 255 255 255
255 255 255 255 255 255 255 255
128 128 255 128 255 255 255 255
128 255 128 255 255 255 255 255
255 128 255 255 255 255 255 252
128 255 255 255 255 255 252 255
255 255 255 255 255 252 255 255
255 255 255 255 252 255 255 255
255 255 255 252 255 255 255 255
255 255 252 255 255 255 255 255
255 252 255 255 255 255 255 255
252 255 255 255 255 255 255 255
255 255 255 255 255 255 255 128
255 255 255 255 255 255 128 255
255 255 255 255 255 128 255 255
255 255 255 255 128 255 255 255
255 255 255 128 255 255 255 255
255 255 128 255 255 255 255 255
255 128 255 255 255 255 255 255
128 255 255 255 255 255 255 255
255 255 255 255 255 255 255 255
255 255 255 255 255 255 255 255
255 255 255 255 255 255 255 128
255 255 255 255 255 255 128 255
255 255 255 255 255 128 255 229
255 255 255 255 128 255 229 255
255 255 255 128 255 229 255 255
255 255 128 255 229 255 255 128
255 128 255 229 255 255 128 255
128 255 229 255 255 128 255 255
255 229 255 255 128 255 255 27
128 128 128 128 255 255 255 255
128 128 128 255 255 255 255 255
128 128 255 255 255 255 255 255
128 255 255 255 255 255 255 255
255 255 255 255 255 255 255 255
255 255 255 255 255 255 255 255
255 255 255 255 255 255 255 255
255 255 255 255 255 255 255 255
255 255 255 255 255 255 255 128
255 255 255 255 255 255 128 255
255 255 255 255 255 128 255 255
255 255 255 255 128 255 255 255
255 255 255 128 255 255 255 128
255 255 128 255 255 255 128 255
255 128 255 255 255 128 255 128
128 255 255 255 128 255 128 255
255 255 255 128 255 128 255 255
255 255 128 255 128 255 255 128
255 128 255 128 255 255 128 229
128 255 128 255 255 128 229 128
255 128 255 255 128 229 128 128
128 255 255 128 229 128 128 229
255 255 128 229 128 128 229 128
255 128 229 128 128 229 128 128
128 229 128 128 229 128 128 229
229 128 128 229 128 128 229 128
128 128 229 128 128 229 128 128
128 229 128 128 229 128 128 229
128 128 128 128 229 229 229 128
128 128 128 229 229 229 128 229
128 128 229 229 229 128 229 128
128 229 229 229 128 229 128 128
229 229 229 128 229 128 128 128
229 229 128 229 128 128 128 128
229 128 229 128 128 128 128 128
128 229 128 128 128 128 128 128
229 128 128 128 128 128 128 255
128 128 128 128 128 128 255 255
128 128 128 128 128 255 255 128
128 128 128 128 255 255 128 255
128 128 128 255 255 128 255 255
128 128 255 255 128 255 255 255
128 255 255 128 255 255 255 255
255 255 128 255 255 255 255 255
255 128 255 255 255 255 255 255
128 255 255 255 255 255 255 255
255 255 255 255 255 255 255 255
255 255 255 255 255 255 255 229
255 255 255 255 255 255 229 255
255 255 255 255 255 229 255 255
255 255 255 255 229 255 255 255
255 255 255 229 255 255 255 255
255 255 229 255 255 255 255 255
128 128 128 128 128 252 229 128
128 128 128 128 252 229 128 229
128 128 128 252 229 128 229 229
128 128 252 229 128 229 229 128
128 252 229 128 229 229 128 229
252 229 128 229 229 128 229 128
229 128 229 229 128 229 128 229
128 229 229 128 229 128 229 255
229 229 128 229 128 229 255 128
229 128 229 128 229 255 128 255
128 229 128 229 255 128 255 255
229 128 229 255 128 255 255 128
128 229 255 128 255 255 128 255
229 255 128 255 255 128 255 255
255 128 255 255 128 255 255 128
128 255 255 128 255 255 128 255
255 255 128 255 255 128 255 128
255 128 255 255 128 255 128 255
128 255 255 128 255 128 255 128
255 255 128 255 128 255 128 255
128 128 255 229 255 255 255 255
128 255 229 255 255 255 255 255
255 229 255 255 255 255 255 255
229 255 255 255 255 255 255 255
255 255 255 255 255 255 255 255
255 255 255 255 255 255 255 255
255 255 255 255 255 255 255 255
255 255 255 255 255 255 255 229
255 255 255 255 255 255 229 255
255 255 255 255 255 229 255 255
255 255 255 255 229 255 255 128
255 255 255 229 255 255 128 255
255 255 229 255 255 128 255 128
255 229 255 255 128 255 128 255
229 255 255 128 255 128 255 255
255 255 128 255 128 255 255 229
255 128 255 128 255 255 229 128
128 255 128 255 255 229 128 255
0 0 0 0 0 0 0 0
0 0 0 0 0 0 0 0
0 0 0 0 0 0 0 0
0 0 0 0 0 0 0 0
0 0 0 0 0 0 0 0
0 0 0 0 0 0 0 0
0 0 0 0 0 0 0 0
0 0 0 0 0 0 0 0
0 0 0 0 0 0 0 0
0 0 0 0 0 0 0 0
0 0 0 0 0 0 0 0
0 0 0 0 0 0 0 0
0 0 0 0 0 0 0 0
0 0 0 0 0 0 0 0
0 0 0 0 0 0 0 0
0 0 0 0 0 0 0 0
0 0 0 0 0 0 0 0
0 0 0 0 0 0 0 0
0 0 0 0 0 0 0 0
0 0 0 0 0 0 0 0
0 0 0 0 0 0 0 0
0 0 0 0 0 0 0 0
0 0 0 0 0 0 0 0
0 0 0 0 0 0 0 0
0 0 0 0 0 0 0 0
0 0 0 0 0 0 0 0
0 0 0 0 0 0 0 0
27 27 27 27 27 27 27 27
27 27 27 27 27 27 27 27
27 27 27 27 27 27 27 4
27 27 27 27 27 27 4 4
27 27 27 27 27 4 4 4
27 27 27 27 4 4 4 27
27 27 27 4 4 4 27 27
27 27 4 4 4 27 27 27
27 4 4 4 27 27 27 27
4 4 4 27 27 27 27 27
4 4 27 27 27 27 27 27
4 27 27 27 27 27 27 27
27 27 27 27 27 27 27 4
27 27 27 27 27 27 4 4
27 27 27 27 27 4 4 27
27 27 27 27 4 4 27 4
27 27 27 4 4 27 4 4
27 27 4 4 27 4 4 4
27 4 4 27 4 4 4 4
4 4 27 4 4 4 4 4
4 27 4 4 4 4 4 4
27 4 4 4 4 4 4 4
4 4 4 4 4 4 4 4
4 4 4 4 4 4 4 0
4 4 4 4 4 4 0 4
4 4 4 4 4 0 4 0
4 4 4 4 0 4 0 0
4 4 4 0 4 0 0 0
4 4 0 4 0 0 0 0
4 4 0 27 0 27 0 0
4 0 27 0 27 0 0 0
0 27 0 27 0 0 0 4
27 0 27 0 0 0 4 4
0 27 0 0 0 4 4 4
27 0 0 0 4 4 4 0
0 0 0 4 4 4 0 0
0 0 4 4 4 0 0 0
0 4 4 4 0 0 0 0
4 4 4 0 0 0 0 4
4 4 0 0 0 0 4 4
4 0 0 0 0 4 4 0
0 0 0 0 4 4 0 4
0 0 0 4 4 0 4 4
0 0 4 4 0 4 4 4
0 4 4 0 4 4 4 4
4 4 0 4 4 4 4 27
4 0 4 4 4 4 27 27
0 4 4 4 4 27 27 0
4 4 4 4 27 27 0 0
4 4 4 27 27 0 0 0
4 4 27 27 0 0 0 0
4 27 27 0 0 0 0 4
27 27 0 0 0 0 4 4
27 0 0 0 0 4 4 4
0 0 0 0 4 4 4 4
0 0 0 4 4 4 4 4
0 0 4 4 4 4 4 4
0 4 4 4 4 4 4 4
4 4 4 4 4 4 4 27
4 4 0 0 0 0 0 4
4 0 0 0 0 0 4 4
0 0 0 0 0 4 4 4
0 0 0 0 4 4 4 4
0 0 0 4 4 4 4 4
0 0 4 4 4 4 4 0
0 4 4 4 4 4 0 0
4 4 4 4 4 0 0 0
4 4 4 4 0 0 0 0
4 4 4 0 0 0 0 0
4 4 0 0 0 0 0 0
4 0 0 0 0 0 0 0
0 0 0 0 0 0 0 0
0 0 0 0 0 0 0 0
0 0 0 0 0 0 0 0
0 0 0 0 0 0 0 4
0 0 0 0 0 0 4 0
0 0 0 0 0 4 0 0
0 0 0 0 4 0 0 0
0 0 0 4 0 0 0 0
0 0 4 0 0 0 0 4
0 4 0 0 0 0 4 0
4 0 0 0 0 4 0 0
0 0 0 0 4 0 0 0
0 0 0 4 0 0 0 0
0 0 4 0 0 0 0 0
0 4 0 0 0 0 0 0
4 0 0 0 0 0 0 0
0 0 0 0 0 0 0 0
0 0 0 0 0 0 0 0
0 0 0 0 0 0 0 0
0 0 0 0 0 0 0 0
0 0 0 0 0 0 0 0
0 0 0 0 0 0 0 0
0 0 0 0 0 0 0 0
0 0 0 0 0 0 0 0
0 0 0 0 0 0 0 0
0 0 0 0 0 0 0 0
0 0 0 0 0 0 0 0
0 0 0 0 0 0 0 0
4 4 0 4 0 0 0 0
4 0 4 0 0 0 0 0
0 4 0 0 0 0 0 0
4 0 0 0 0 0 0 0
0 0 0 0 0 0 0 0
0 0 0 0 0 0 0 0
0 0 0 0 0 0 0 0
0 0 0 0 0 0 0 0
0 0 0 0 0 0 0 0
0 0 0 0 0 0 0 0
0 0 0 0 0 0 0 4
0 0 0 0 0 0 4 0
0 0 0 0 0 4 0 0
0 0 0 0 4 0 0 0
0 0 0 4 0 0 0 0
0 0 4 0 0 0 0 0
0 4 0 0 0 0 0 0
4 0 0 0 0 0 0 0
0 0 0 0 0 0 0 0
0 0 0 0 0 0 0 0
0 0 0 0 0 0 0 0
0 0 0 0 0 0 0 0
0 0 0 0 0 0 0 0
0 0 0 0 0 0 0 0
0 0 0 0 0 0 0 0
0 0 0 0 0 0 0 0
0 0 0 0 0 0 0 0
0 0 0 0 0 0 0 0
0 0 0 0 0 0 0 0
0 0 0 0 0 0 0 0
4 4 0 4 0 27 0 4
4 0 4 0 27 0 4 0
0 4 0 27 0 4 0 0
4 0 27 0 4 0 0 0
0 27 0 4 0 0 0 4
27 0 4 0 0 0 4 0
0 4 0 0 0 4 0 0
4 0 0 0 4 0 0 0
0 0 0 4 0 0 0 4
0 0 4 0 0 0 4 4
0 4 0 0 0 4 4 4
4 0 0 0 4 4 4 4
0 0 0 4 4 4 4 4
0 0 4 4 4 4 4 0
0 4 4 4 4 4 0 4
4 4 4 4 4 0 4 0
4 4 4 4 0 4 0 4
4 4 4 0 4 0 4 27
4 4 0 4 0 4 27 27
4 0 4 0 4 27 27 27
0 4 0 4 27 27 27 27
4 0 4 27 27 27 27 4
0 4 27 27 27 27 4 4
4 27 27 27 27 4 4 27
27 27 27 27 4 4 27 4
27 27 27 4 4 27 4 27
27 27 4 4 27 4 27 4
27 4 4 27 4 27 4 4
4 4 27 4 27 4 4 27
4 27 4 27 4 4 27 0
27 4 27 4 4 27 0 4
4 27 4 4 27 0 4 0
27 4 4 27 0 4 0 0
128 128 128 128 128 128 128 128
128 128 128 128 128 128 128 128
128 128 128 128 128 128 128 128
128 128 128 128 128 128 128 128
128 128 128 128 128 128 128 128
128 128 128 128 128 128 128 128
128 128 128 128 128 128 128 128
128 128 128 128 128 128 128 128
128 128 128 128 128 128 128 128
128 128 128 128 128 128 128 128
128 128 128 128 128 128 128 128
128 128 128 128 128 128 128 229
128 128 128 128 128 128 229 128
128 128 128 128 128 229 128 128
128 128 128 128 229 128 128 229
128 128 128 229 128 128 229 128
128 128 229 128 128 229 128 128
128 229 128 128 229 128 128 128
229 128 128 229 128 128 128 128
128 128 229 128 128 128 128 128
128 229 128 128 128 128 128 4
229 128 128 128 128 128 4 27
128 128 128 128 128 4 27 27
128 128 128 128 4 27 27 4
128 128 128 4 27 27 4 27
128 128 4 27 27 4 27 4
128 4 27 27 4 27 4 27
4 27 27 4 27 4 27 27
27 27 4 27 4 27 27 128
27 4 27 4 27 27 128 128
128 128 128 128 128 4 0 4
128 128 128 128 4 0 4 4
128 128 128 4 0 4 4 4
128 128 4 0 4 4 4 4
128 4 0 4 4 4 4 4
4 0 4 4 4 4 4 27
0 4 4 4 4 4 27 27
4 4 4 4 4 27 27 27
4 4 4 4 27 27 27 27
4 4 4 27 27 27 27 128
4 4 27 27 27 27 128 128
4 27 27 27 27 128 128 128
27 27 27 27 128 128 128 128
27 27 27 128 128 128 128 128
27 27 128 128 128 128 128 128
27 128 128 128 128 128 128 27
128 128 128 128 128 128 27 27
128 128 128 128 128 27 27 27
128 128 128 128 27 27 27 27
128 128 128 27 27 27 27 27
128 128 27 27 27 27 27 27
128 27 27 27 27 27 27 27
27 27 27 27 27 27 27 128
4 4 4 27 4 0 0 4
4 4 27 4 0 0 4 4
4 27 4 0 0 4 4 4
27 4 0 0 4 4 4 0
4 0 0 4 4 4 0 0
0 0 4 4 4 0 0 0
0 4 4 4 0 0 0 0
4 4 4 0 0 0 0 0
4 4 0 0 0 0 0 4
4 0 0 0 0 0 4 0
0 0 0 0 0 4 0 0
0 0 0 0 4 0 0 0
0 0 0 4 0 0 0 0
0 0 4 0 0 0 0 0
0 4 0 0 0 0 0 0
4 0 0 0 0 0 0 0
0 0 0 0 0 0 0 0
0 0 0 0 0 0 0 0
0 0 0 0 0 0 0 0
0 0 0 0 0 0 0 0
0 0 0 0 0 0 0 4
0 0 0 0 0 0 4 0
0 0 0 0 0 4 0 0
0 0 0 0 4 0 0 0
0 0 0 4 0 0 0 0
0 0 4 0 0 0 0 0
0 4 0 0 0 0 0 0
4 0 0 0 0 0 0 4
0 0 0 0 0 0 4 4
0 0 0 0 0 4 4 4
0 0 0 0 0 0 0 0
0 0 0 0 0 0 0 27
0 0 0 0 0 0 27 27
0 0 0 0 0 27 27 27
0 0 0 0 27 27 27 4
0 0 0 27 27 27 4 4
0 0 27 27 27 4 4 27
0 27 27 27 4 4 27 4
27 27 27 4 4 27 4 4
27 27 4 4 27 4 4 4
27 4 4 27 4 4 4 27
4 4 27 4 4 4 27 4
4 27 4 4 4 27 4 0
27 4 4 4 27 4 0 4
4 4 4 27 4 0 4 0
4 4 27 4 0 4 0 4
4 27 4 0 4 0 4 4
27 4 0 4 0 4 4 4
4 0 4 0 4 4 4 4
0 4 0 4 4 4 4 27
4 0 4 4 4 4 27 27
0 4 4 4 4 27 27 27
4 4 4 4 27 27 27 27
4 4 4 27 27 27 27 27
4 4 27 27 27 27 27 27
4 27 27 27 27 27 27 27
27 27 27 27 27 27 27 27
27 27 27 27 27 27 27 128
27 27 27 27 27 27 128 27
27 27 27 27 27 128 27 4
27 27 27 27 128 27 4 27
27 27 27 128 27 4 27 27
27 27 128 27 4 27 27 27
27 128 27 4 27 27 27 27
128 27 4 27 27 27 27 27
27 4 27 27 27 27 27 27
4 27 27 27 27 27 27 128
27 27 27 27 27 27 128 27
27 27 27 27 27 128 27 128
4 4 4 4 0 0 0 0
4 4 4 0 0 0 0 4
4 4 0 0 0 0 4 0
4 0 0 0 0 4 0 4
0 0 0 0 4 0 4 0
0 0 0 4 0 4 0 0
0 0 4 0 4 0 0 4
0 4 0 4 0 0 4 0
4 0 4 0 0 4 0 0
0 4 0 0 4 0 0 0
4 0 0 4 0 0 0 0
0 0 4 0 0 0 0 0
0 4 0 0 0 0 0 0
4 0 0 0 0 0 0 0
0 0 0 0 0 0 0 4
0 0 0 0 0 0 4 0
0 0 0 0 0 4 0 0
0 0 0 0 4 0 0 4
0 0 0 4 0 0 4 4
0 0 4 0 0 4 4 27
0 4 0 0 4 4 27 27
4 0 0 4 4 27 27 27
0 0 4 4 27 27 27 4
0 4 4 27 27 27 4 4
4 4 27 27 27 4 4 27
4 27 27 27 4 4 27 4
27 27 27 4 4 27 4 4
27 27 4 4 27 4 4 4
27 4 4 27 4 4 4 27
4 4 27 4 4 4 27 4
4 27 4 4 4 27 4 4
27 4 4 4 27 4 4 4
4 4 4 27 4 4 4 4
4 4 27 4 4 4 4 27
4 27 4 4 4 4 27 27
27 4 4 4 4 27 27 27
4 4 4 4 27 27 27 4
4 4 4 27 27 27 4 27
4 4 27 27 27 4 27 27
4 27 27 27 4 27 27 27
4 4 0 4 0 4 4 4
4 0 4 0 4 4 4 0
0 4 0 4 4 4 0 0
4 0 4 4 4 0 0 0
0 4 4 4 0 0 0 0
4 4 4 0 0 0 0 0
4 4 0 0 0 0 0 0
4 0 0 0 0 0 0 0
0 0 0 0 0 0 0 0
0 0 0 0 0 0 0 0
0 0 0 0 0 0 0 0
0 0 0 0 0 0 0 4
0 0 0 0 0 0 4 4
0 0 0 0 0 4 4 4
0 0 0 0 4 4 4 0
0 0 0 4 4 4 0 0
0 0 4 4 4 0 0 0
0 4 4 4 0 0 0 0
4 4 4 0 0 0 0 4
4 4 0 0 0 0 4 4
4 0 0 0 0 4 4 4
0 0 0 0 4 4 4 4
0 0 0 4 4 4 4 4
0 0 4 4 4 4 4 0
0 4 4 4 4 4 0 0
4 4 4 4 4 0 0 0
4 4 4 4 0 0 0 0
4 4 4 0 0 0 0 0
4 4 0 0 0 0 0 0
4 0 0 0 0 0 0 0
0 0 0 0 0 0 0 0
0 0 0 0 0 0 0 0
0 0 0 0 0 0 0 0
0 0 0 0 0 0 0 0
0 0 0 0 0 0 0 0
0 0 0 0 0 0 0 0
0 0 0 0 0 0 0 0
0 0 0 0 0 0 0 0
0 0 0 0 0 0 0 0
0 0 0 0 0 0 0 0
0 0 0 0 0 0 0 0
0 0 0 0 0 0 0 0
0 0 0 0 0 0 0 0
0 0 0 0 0 0 0 0
0 0 0 0 0 0 0 0
0 0 0 0 0 0 0 0
0 0 0 0 0 0 0 0
0 0 0 0 0 0 0 0
0 0 0 0 0 0 0 0
0 0 0 0 0 0 0 0
0 0 0 0 0 0 0 0
0 0 0 0 0 0 0 0
0 0 0 0 0 0 0 0
0 0 0 0 0 0 0 0
0 0 0 0 0 0 0 0
0 0 0 0 0 0 0 4
0 0 0 0 0 0 4 4
0 0 0 0 0 4 4 0
0 0 0 0 4 4 0 0
0 0 0 4 4 0 0 0
4 4 0 4 4 4 0 4
4 0 4 4 4 0 4 0
0 4 4 4 0 4 0 4
4 4 4 0 4 0 4 4
4 4 0 4 0 4 4 0
4 0 4 0 4 4 0 0
0 4 0 4 4 0 0 4
4 0 4 4 0 0 4 4
0 4 4 0 0 4 4 27
4 4 0 0 4 4 27 0
4 0 0 4 4 27 0 27
0 0 4 4 27 0 27 0
0 4 4 27 0 27 0 0
4 4 27 0 27 0 0 4
4 27 0 27 0 0 4 0
27 0 27 0 0 4 0 0
0 27 0 0 4 0 0 4
27 0 0 4 0 0 4 0
0 0 4 0 0 4 0 0
0 4 0 0 4 0 0 0
4 0 0 4 0 0 0 0
0 0 4 0 0 0 0 0
0 4 0 0 0 0 0 0
4 0 0 0 0 0 0 0
0 0 0 0 0 0 0 0
0 0 0 0 0 0 0 0
0 0 0 0 0 0 0 0
0 0 0 0 0 0 0 27
0 0 0 0 0 0 27 27
4 27 4 4 4 4 4 0
27 4 4 4 4 4 0 4
4 4 4 4 4 0 4 128
4 4 4 4 0 4 128 27
4 4 4 0 4 128 27 128
4 4 0 4 128 27 128 128
4 0 4 128 27 128 128 128
0 4 128 27 128 128 128 229
4 128 27 128 128 128 229 128
128 27 128 128 128 229 128 128
27 128 128 128 229 128 128 128
128 128 128 229 128 128 128 128
128 128 229 128 128 128 128 128
128 229 128 128 128 128 128 128
229 128 128 128 128 128 128 128
128 128 128 128 128 128 128 128
128 128 128 128 128 128 128 128
128 128 128 128 128 128 128 4
128 128 128 128 128 128 4 4
128 128 128 128 128 4 4 128
128 128 128 128 4 4 128 0
128 128 128 4 4 128 0 0
